94
_
1
12
000000000000
@
10
10
1110000011
1001111001
1011111100
0011000010
0110010110
0110110110
0110100100
0010000001
1001111101
1100000011
y
10
10
0000110000
1001111001
1100110011
1100110011
1110100111
1110000111
1111001111
1111001111
1110011111
0000001111
x
8
10
0000110000
1000111001
1100000011
1111000111
1110000111
1100110011
1001111001
0000110000
w
8
10
0000111000
1001101101
1001101101
1001000101
1101010001
1100010011
1100010011
1110111011
v
8
10
0000110000
1001111001
1101111011
1100110011
1110110111
1110000111
1111001111
1111001111
Y
10
10
0000110000
1001111001
1100110011
1100100111
1110001111
1111001111
1111011111
1111011111
1111011111
1100000011
W
10
10
0000110000
1011111101
1011001101
1001001001
1001001001
1000000001
1000110011
1100110011
1100110011
1101110011
V
10
10
0000110000
1001111001
1101111001
1101111011
1100110011
1110110111
1110010111
1110000111
1111001111
1111001111
m
8
10
0000000011
1001001001
1011011101
1011011101
1011011101
1011011101
1011011101
0001000100
N
10
10
0001110000
1000111101
1000111101
1010011101
1011001101
1011001101
1011100101
1011110001
1011110001
0000111001
M
10
10
0001111000
1000110001
1000110001
1010110101
1010000101
1011001101
1011001101
1011111101
1011111101
0000110000
k
10
10
0001111111
0001111111
1101100001
1101110011
1101000111
1100001111
1100000111
1101100111
1101110011
1001110000
h
10
10
0001111111
0001111111
1101000111
1100010011
1101111011
1101111011
1101111011
1101111011
1101111011
0000100000
A
10
10
1100001111
1111001111
1110000111
1110000111
1110110111
1100110011
1100000011
1001111001
1001111001
0000110000
>
8
9
001111111
100011111
111000011
111110000
111100011
110001111
000111111
011111111
%
10
9
100011111
001101111
011101111
100001101
111100011
100010001
111100110
111101110
111100110
111110001
X
10
9
000010000
100111001
110010011
111010111
111001111
111000111
110010011
110110011
100111001
000010000
U
10
9
000010000
101111101
101111101
101111101
101111101
101111101
101111101
101111101
110010001
111000011
n
8
9
000100011
110001001
110111101
110111101
110111101
110111101
110111101
000010000
L
10
9
000000111
110111111
110111111
110111111
110111111
110111110
110111110
110111110
110111110
000000000
K
10
9
000010000
101111001
101110011
101000111
100001111
100000111
101110011
101110011
101111001
000011100
G
10
9
110000101
100010001
101111001
011111101
011111111
011111111
011100000
001111101
100010001
110000011
C
10
9
110000101
100010001
001111001
011111101
011111111
011111111
011111111
001111100
100010001
110000011
b
10
9
001111111
001111111
101000011
100011001
100111100
101111110
101111110
100111100
100011001
001000011
=
1
8
00000000
<
8
8
11111100
11110000
11000111
00011111
00011111
11000011
11110000
11111100
+
7
8
11101111
11101111
11101111
00000000
11101111
11101111
11101111
^
7
8
11100111
11000011
11000011
10011001
10011001
10111101
00111100
4
10
8
11110011
11100011
11101011
11001011
10011011
10111011
00000000
11111011
11111011
11100000
#
12
8
11011101
11011101
10111101
00000000
00000000
11011101
11011101
00000000
00000000
10111101
10111101
10111101
u
8
8
00110001
10111101
10111101
10111101
10111101
10111101
10010001
11000100
r
8
8
00010000
11000100
11001111
11011111
11011111
11011111
11011111
00000011
q
10
8
11000000
10010001
01111101
01111101
01111101
00111001
10010001
11000101
11111101
11110000
p
10
8
00000011
10001001
10111100
10111110
10111110
10111100
10001001
10100011
10111111
00001111
o
8
8
11000011
10011001
01111100
01111110
01111110
00111100
10011001
11000011
T
10
8
00000000
01101110
01101110
01101110
01101110
11101111
11101111
11101111
11101111
10000001
R
10
8
00000011
10111001
10111101
10111101
10111001
10000011
10110011
10111011
10111001
00001100
Q
12
8
11000011
10010001
00111100
01111110
01111110
01111110
01111110
00111100
10000001
11000011
11000110
10111000
O
10
8
11000011
10011001
00111100
01111110
01111110
01111110
01111110
00111100
10011001
11000011
g
10
8
11000100
10010001
01111001
01111101
01111101
01111101
10111001
11000001
11111101
11000011
e
8
8
11000011
10011001
00111100
01111100
00000000
01111111
10011000
11000001
c
8
8
11000010
10011000
00111100
01111111
01111111
00111110
10011000
11000011
a
8
8
10000011
00011001
11111101
10000001
00111101
01111101
00100001
10000100
J
10
8
11000000
11111011
11111011
11111011
11111011
01111011
01111011
01111011
00010011
10000111
H
10
8
00011000
10111101
10111101
10111101
10111101
10000001
10111101
10111101
10111101
00011000
F
10
8
00000000
10111110
10111110
10111010
10000011
10111011
10111011
10111111
10111111
00000111
E
10
8
00000000
10111110
10111110
10111010
10000011
10111011
10111011
10111110
10111110
00000000
D
10
8
00000011
10111001
10111100
10111110
10111110
10111110
10111110
10111100
10111001
00000011
B
10
8
00000011
10111001
10111101
10111101
10111001
10000001
10111100
10111110
10111100
00000001
~
3
7
1001111
0000000
0110001
/
14
7
1111110
1111110
1111100
1111101
1111001
1111011
1110011
1110111
1100111
1101111
1001111
1011111
0011111
0011111
\
14
7
0011111
0011111
1011111
1001111
1101111
1100111
1110111
1110011
1111011
1111001
1111101
1111100
1111110
1111110
5
10
7
1000000
1011111
1011111
1000001
1011100
1111110
1111110
1111110
0001001
1000011
3
10
7
1100011
0001001
1111101
1111101
1110001
1111100
1111110
1111110
0001000
1000011
&
9
7
1000001
1011011
1011111
1001111
1000100
0100001
0110011
0010001
1000100
*
6
7
1110111
1110111
0000000
1100011
1100011
1001001
9
10
7
1100011
1001001
0111110
0111110
0011100
1000000
1111110
1111101
1100011
0000111
7
10
7
0000000
0111101
1111101
1111001
1111011
1110011
1110011
1110111
1100111
1101111
1
10
7
1100111
0000111
0110111
1110111
1110111
1110111
1110111
1110111
1110111
0000000
S
10
7
1100010
0001000
0111110
0111110
0000011
1100000
0111110
0111110
0001000
0100001
Z
10
7
0000000
0111100
0111001
0111011
1110011
1100111
1101110
1011110
0011110
0000000
t
10
7
1011111
1011111
1011111
0000001
1011111
1011111
1011111
1011111
1001000
1100001
P
10
7
0000001
1011100
1011110
1011110
1011100
1000001
1011111
1011111
1011111
0000111
i
8
7
1000111
1110111
1110111
1110111
1110111
1110111
1110111
0000000
l
10
7
0000111
0000111
1110111
1110111
1110111
1110111
1110111
1110111
1110111
0000000
I
10
7
0000000
1110111
1110111
1110111
1110111
1110111
1110111
1110111
1110111
0000000
f
10
7
1110000
1100111
1101111
0000000
1101111
1101111
1101111
1101111
1101111
0000000
?
10
6
000001
001000
011110
111110
111100
110011
110111
110111
100011
100011
0
10
6
100001
101101
011110
011110
011110
011110
011110
011110
101101
100001
8
10
6
100001
001100
011110
011100
100001
001100
011110
011110
001100
100001
6
10
6
111000
100011
101111
011111
000001
001100
011110
011110
100000
100001
2
10
6
100001
001000
111110
111110
111101
111001
110011
100110
001110
000000
$
14
6
110111
110111
100010
000000
010100
010110
000011
110001
010110
010110
000000
000011
110111
110111
z
8
6
000000
011100
011001
110011
110111
100110
001110
000000
s
8
6
100010
001000
011110
000001
110000
011110
001100
000001
j
10
6
000000
111110
111110
111110
111110
111110
111110
111110
111110
000001
,
5
4
1000
1001
1001
0011
0011
,
5
4
1000
1001
1001
1001
0011
}
12
4
0011
1101
1101
1001
1011
1001
1100
1011
1011
1101
1101
0011
-
1
4
0000
,
3
3
000
000
101
.
3
3
101
000
000
'
5
3
000
000
000
000
000
`
2
3
001
100
]
12
3
000
110
110
110
110
110
110
110
110
110
110
000
[
12
3
000
011
011
011
011
011
011
011
011
011
011
000
{
12
3
100
101
101
101
101
001
001
101
101
101
101
100
!
10
3
000
000
000
001
101
101
101
101
000
000
)
13
3
001
101
100
100
110
110
110
110
110
100
101
101
001
(
13
3
100
101
101
001
011
011
011
011
011
001
101
101
100
"
5
2
00
00
00
00
00
|
14
1
0
0
0
0
0
0
0
0
0
0
0
0
0
0
.
2
1
0
0

