95
_
1
11
00000000000
y
10
10
0001111000
1011111101
1101111011
1101110111
1110110111
1111001111
1111011111
1111011111
1110111111
0000001111
w
7
10
0001111000
1011111101
1011001101
1011001011
1100101011
1100110011
1100110111
W
9
10
0001111000
1011111101
1011001101
1011001101
1010101101
1010110101
1010110011
1101111011
1101111011
V
9
10
0000110000
1101111101
1101111011
1101111011
1110110111
1110110111
1110101111
1111001111
1111001111
m
7
10
0000100011
1011011101
1011011101
1011011101
1011011101
1011011101
0001001100
M
9
10
0001111000
1010110101
1010110101
1010101101
1011001101
1011001101
1011111101
1011111101
0000110000
@
9
9
110000011
100111101
001100010
011010110
011010110
011010110
011000001
101111101
110000011
v
7
9
000111000
101111011
110111011
110111011
111010111
111010111
111101111
U
9
9
000010000
101111101
101111101
101111101
101111101
101111101
101111101
100111001
110000011
N
9
9
000110000
100111101
101011101
101011101
101101101
101101101
101110101
101110101
000011001
G
9
9
110000101
101111001
001111101
011111111
011111111
011110000
011111101
101111101
110000011
C
9
9
110000001
101111101
001111101
011111111
011111111
011111111
001111111
101111100
110000011
A
9
9
100001111
111010111
111010111
110110111
110111011
110000011
101111101
101111101
000111000
k
10
9
000111111
110111111
110111111
110110001
110110111
110101111
110001111
110110111
110111011
100111000
h
10
9
000111111
110111111
110111111
110100011
110011101
110111101
110111101
110111101
110111101
100011000
_
1
8
00000000
x
7
8
00011000
11011011
11100111
11100111
11011011
10011101
00011000
u
7
8
00111001
10111101
10111101
10111101
10111101
10111001
11000100
r
7
8
00011000
11000111
11011111
11011111
11011111
11011111
00000011
q
10
8
11000100
10111001
01111101
01111101
01111101
10111001
11000101
11111101
11111101
11110000
p
10
8
00100011
10011101
10111110
10111110
10111110
10011101
10100011
10111111
10111111
00001111
o
7
8
11000011
10111101
01111110
01111110
01111110
10111101
11000011
Z
9
8
00000000
01111101
01111011
11110111
11100111
11001111
10011110
10111110
00000000
Y
9
8
00011000
10111101
11011011
11010111
11010111
11101111
11101111
11101111
11000011
X
9
8
00011000
10111101
11011011
11100111
11100111
11010111
11011011
10111101
00011000
T
9
8
00000000
01101110
01101110
01101110
11101111
11101111
11101111
11101111
11000011
R
9
8
00000011
10111101
10111101
10111101
10000011
10110111
10111011
10111011
00011100
Q
11
8
11000011
10111101
01111110
01111110
01111110
01111110
01111110
10111101
11000011
11000111
11011001
P
9
8
00000001
10111110
10111110
10111100
10000001
10111111
10111111
10111111
00000111
O
9
8
11000011
10111101
01111110
01111110
01111110
01111110
01111110
10111101
11000011
n
7
8
00100011
10011101
10111101
10111101
10111101
10111101
00011000
g
10
8
11000100
10111001
01111101
01111101
01111101
10111001
11000101
11111101
11111001
11000011
e
7
8
11000011
10111101
01111110
00000000
01111111
10111110
11000001
c
7
8
11000010
10111100
01111110
01111111
01111111
10111110
11000001
a
7
8
10000011
11111101
10000001
00111101
01111101
01111001
10000100
L
9
8
00000111
11011111
11011111
11011111
11011111
11011110
11011110
11011110
00000000
K
9
8
00001000
10111001
10110011
10101111
10001111
10110111
10111011
10111101
00001100
J
9
8
11000000
11111011
11111011
11111011
11111011
01111011
01111011
01111011
10000111
H
9
8
00011000
10111101
10111101
10111101
10000001
10111101
10111101
10111101
00011000
F
9
8
00000000
10111110
10111110
10111011
10000011
10111011
10111111
10111111
00001111
E
9
8
00000000
10111110
10111110
10111011
10000011
10111011
10111110
10111110
00000000
D
9
8
00000011
10111101
10111110
10111110
10111110
10111110
10111110
10111101
00000011
B
9
8
00000011
10111101
10111101
10111101
10000011
10111100
10111110
10111110
00000001
d
10
8
11110001
11111101
11111101
11000101
10111001
01111101
01111101
01111101
10111001
11000100
b
10
8
00111111
10111111
10111111
10100011
10011101
10111110
10111110
10111110
10011101
00100011
~
3
7
1001110
1000110
0110001
>
8
7
0111111
1001111
1110011
1111100
1111100
1110011
1001111
0111111
<
7
7
1111110
1111001
1100111
0011111
0011111
1100111
1111001
+
7
7
1110111
1110111
1110111
0000000
1110111
1110111
1110111
/
14
7
1111110
1111101
1111101
1111011
1111011
1111011
1110111
1110111
1101111
1101111
1011111
1011111
0111111
0111111
\
14
7
0111111
0111111
1011111
1011111
1101111
1101111
1110111
1110111
1111011
1111011
1111011
1111101
1111101
1111110
%
7
7
1111101
1110011
1001111
0110001
1101110
1101110
1110001
&
9
7
1100001
1011111
1011111
1101111
1000100
0110101
0111001
0111001
1000100
^
6
7
1110111
1101011
1101011
1011101
1011101
0111110
9
10
7
1000011
0011101
0111110
0111110
0011100
1000010
1111110
1111101
1111001
0000111
7
10
7
0000000
0111110
1111101
1111101
1111101
1111011
1111011
1110111
1110111
1110111
2
10
7
1000011
0111100
1111110
1111110
1111100
1111001
1110011
1101110
1011110
0000000
1
10
7
1100111
0010111
1110111
1110111
1110111
1110111
1110111
1110111
1110111
0000000
i
7
7
1000111
1110111
1110111
1110111
1110111
1110111
0000000
I
9
7
0000000
1110111
1110111
1110111
1110111
1110111
1110111
1110111
0000000
l
10
7
0000111
1110111
1110111
1110111
1110111
1110111
1110111
1110111
1110111
0000000
f
10
7
1110000
1101111
1101111
0000001
1101111
1101111
1101111
1101111
1101111
0000001
?
6
6
000001
011110
111110
111100
110011
110111
*
6
6
111011
111011
000000
110011
100101
111101
#
11
6
101101
101101
101101
000000
101101
101101
000000
101101
101101
101101
101101
0
10
6
100001
101101
011110
011110
011110
011110
011110
011110
101101
100001
8
10
6
100001
011110
011110
001100
110011
001100
011110
011110
011110
100001
6
10
6
111000
100111
101111
011111
010001
001100
011110
011110
101110
110001
5
10
6
000000
011111
011111
000001
011101
111110
111110
111110
111101
000001
4
10
6
111001
111001
110101
110101
101101
011101
000000
111101
111101
110000
$
13
6
110111
110111
100000
010110
010110
000111
100011
110100
010110
010110
000001
110111
110111
z
7
6
000000
011101
111011
110011
100110
101110
000000
s
7
6
100010
011100
011111
100000
011110
011110
000001
t
9
6
101111
101111
000000
101111
101111
101111
101111
101111
110000
S
9
6
100010
011100
011110
011111
100001
111110
011110
011110
000001
j
10
6
100000
111110
111110
111110
111110
111110
111110
111110
111100
000001
3
10
5
00001
11110
11110
11100
11001
11100
11110
11110
11110
00001
o
4
4
1001
0110
0110
1001
,
4
3
100
101
001
011
,
4
3
100
001
001
011
-
2
3
000
000
]
13
3
000
110
110
110
110
110
110
110
110
110
110
110
000
}
13
3
011
101
101
101
101
101
110
101
101
101
101
101
011
[
13
3
000
011
011
011
011
011
011
011
011
011
011
011
000
{
13
3
110
101
101
101
101
101
011
101
101
101
101
101
110
-
1
3
000
)
12
3
011
101
101
110
110
110
110
110
110
101
101
011
(
12
3
110
101
101
011
011
011
011
011
011
101
101
110
'
5
2
00
00
00
00
00
`
2
2
01
10
-
2
2
00
00
|
14
1
0
0
0
0
0
0
0
0
0
0
0
0
0
0
!
6
1
0
0
0
0
0
0
.
2
1
0
0

