96
.
2
3
000
000
,
6
4
1000
1001
1001
0011
0011
0111
,
7
4
1000
1001
1001
1011
0011
0011
0111
~
3
9
100011110
001101100
011110001
.
3
3
000
000
000
?
9
8
11000011
00111101
01111110
01111110
11111110
11111101
11110011
11101111
11101111
>
13
10
0111111111
1001111111
1100111111
1111001111
1111100111
1111111011
1111111100
1111111011
1111100111
1111001111
1100111111
1001111111
0111111111
<
13
10
1111111110
1111111001
1111110011
1111001111
1110011111
1101111111
0011111111
1101111111
1110011111
1111001111
1111110011
1111111001
1111111110
+
11
9
111101111
111101111
111101111
111101111
111101111
000000000
111101111
111101111
111101111
111101111
111101111
/
16
8
11111110
11111101
11111101
11111001
11111011
11111011
11110111
11110111
11101111
11101111
11011111
11011111
10111111
10111111
01111111
01111111
'
5
4
1000
1001
1011
0011
0111
'
6
3
000
000
000
101
101
101
]
17
4
0000
1110
1110
1110
1110
1110
1110
1110
1110
1110
1110
1110
1110
1110
1110
1110
0000
}
17
4
0111
1011
1011
1011
1011
1011
1011
1011
1011
1000
1011
1011
1011
1011
1011
1011
0111
[
17
4
0000
0111
0111
0111
0111
0111
0111
0111
0111
0111
0111
0111
0111
0111
0111
0111
0000
{
17
4
1110
1101
1101
1101
1101
1101
1101
0001
1101
1101
1101
1101
1101
1101
1101
1101
1110
`
5
4
0001
1001
1001
1100
1110
\
16
8
01111111
01111111
10111111
10111111
11011111
11011111
11101111
11101111
11110111
11110111
11111011
11111011
11111001
11111101
11111101
11111110
|
17
1
0
0
0
0
0
0
0
0
0
0
0
0
0
0
0
0
0
-
1
13
0000000000000
.
2
2
00
00
o
5
5
10001
01110
01110
01110
10001
-
1
10
0000000000
&
12
8
11000011
10011011
10111111
10111111
11011111
10011111
00001100
00101101
01110101
01111011
10110011
11000100
*
8
8
11101111
11101111
11101111
00001000
11100111
11100111
11011011
10111011
)
17
5
01111
10111
10011
11011
11001
11101
11100
11100
11100
11100
11100
11101
11001
11011
10011
10111
01111
(
17
5
11110
11101
11001
11011
10011
10111
00111
00111
00111
00111
00111
10111
10011
11011
11001
11101
11110
^
5
8
11100111
11100111
11011011
10111101
01111110
%
8
9
110001111
101110111
101110111
101110111
110001100
111100011
110011111
001111111
@
15
8
11100011
10011101
10111110
01111110
01111000
01110110
01101110
01101110
01100110
01110000
01111111
01111111
10111111
10011110
11100001
!
9
2
00
00
00
00
00
01
01
01
01
0
14
8
11000011
10011001
10111101
01111110
01111110
01111110
01111110
01111110
01111110
01111110
01111110
10111101
10011001
11000011
9
14
8
11000111
10111001
01111101
01111110
01111110
01111100
10111000
11000110
11111110
11111100
11111101
11111001
11110011
00001111
8
14
8
11000011
10111101
01111110
01111110
01111110
10111101
11000011
10111101
01111110
01111110
01111110
01111110
10111101
11000011
7
14
8
00000000
01111110
01111101
11111101
11111101
11111101
11111101
11111101
11111011
11111011
11111011
11110011
11110111
11110111
6
14
8
11110000
11001111
10011111
10111111
01111111
01100011
01011101
00111110
00111110
01111110
01111110
10111110
10011101
11100011
5
14
9
100000001
101111111
101111111
101111111
101000011
100111101
111111100
111111110
111111110
111111110
111111110
011111101
101111001
110000111
4
14
10
1111100011
1111101011
1111011011
1111011011
1110111011
1101111011
1101111011
1011111011
0111111011
0000000000
1111111011
1111111011
1111111011
1111000000
3
14
9
111000011
110111101
101111110
111111110
111111100
111100001
111111011
111111101
111111110
111111110
111111110
011111100
101111001
110000011
2
14
8
11000011
10111101
01111110
01111110
11111110
11111100
11111101
11111011
11110111
11101111
11011111
10111110
00111110
00000000
1
14
8
11001111
00101111
11101111
11101111
11101111
11101111
11101111
11101111
11101111
11101111
11101111
11101111
11101111
00000000
$
17
7
1110111
1110111
1000000
0011100
0111110
0111111
1000111
1110001
1111110
1111110
0111110
0111110
0011100
0100001
1110111
1110111
1110111
#
15
9
111011011
111011011
111011011
111011011
111010111
000000000
110110111
110110111
110110111
000000001
110110111
110110111
110110111
110110111
110110111
z
10
8
00000000
01111101
01111001
11110011
11100111
11101111
11011111
10111110
10111110
00000000
y
14
10
0000111000
1011111100
1001111101
1101111101
1101111011
1110111011
1110110111
1111010111
1111001111
1111101111
1111011111
1111011111
1111011111
0000001111
x
10
10
0000111000
1101111101
1100111011
1110010111
1111001111
1111010111
1110110011
1101111001
1001111101
0000111000
w
10
11
00011111000
10111111101
10111011101
10111001101
11010101101
11010101101
11010100011
11010110011
11001110011
11101110011
v
10
11
00001110000
11011111101
11011111011
11011111011
11101111011
11101110111
11110110111
11110101111
11110101111
11111001111
u
10
12
000111000011
110111111011
110111111011
110111111011
110111111011
110111111011
110111111011
110111110011
110011100011
111000001000
s
10
8
10000010
01111100
01111110
10000111
11110001
11111100
01111110
01111110
00111101
01000011
r
10
10
0000110001
1110101110
1110011111
1110111111
1110111111
1110111111
1110111111
1110111111
1110111111
0000000011
q
14
11
11000011000
10011100011
10111110011
01111111011
01111111011
01111111011
01111111011
10111110011
10011100011
11000011011
11111111011
11111111011
11111111011
11111000000
p
14
11
00011000011
11000111001
11001111101
11011111110
11011111110
11011111110
11011111110
11001111101
11000111001
11011000011
11011111111
11011111111
11011111111
00000011111
o
10
10
1110000111
1001111001
1011111101
0111111110
0111111110
0111111110
0111111110
1011111101
1001111001
1110000111
Z
13
9
000000001
011111101
011111011
011110011
111110111
111101111
111001111
111011111
110111110
100111110
101111110
011111110
000000000
Y
13
11
00001110000
11011111011
11001110011
11101110111
11110101111
11110101111
11111011111
11111011111
11111011111
11111011111
11111011111
11111011111
11000000011
X
13
11
00001110000
10011111011
11011110011
11101110111
11110101111
11110001111
11111011111
11110001111
11100101111
11101110111
11011111011
10111111101
00001110000
W
13
12
000011100000
101111111101
101111111101
101110011101
101110011011
101110011011
101101001011
101101101011
110101101011
110011101011
110011110011
110011110011
110011110011
V
13
12
000011110000
101111111101
110111111101
110111111011
110111111011
111011110111
111011110111
111001110111
111101101111
111101101111
111110101111
111110011111
111110011111
U
13
13
0000001000000
1101111111011
1101111111011
1101111111011
1101111111011
1101111111011
1101111111011
1101111111011
1101111111011
1101111111011
1100111110011
1110011100111
1111000001111
t
13
10
1110111111
1110111111
1110111111
0000000001
1110111111
1110111111
1110111111
1110111111
1110111111
1110111111
1110111111
1110011110
1111000001
T
13
9
000000000
011101110
011101110
011101110
011101110
111101111
111101111
111101111
111101111
111101111
111101111
111101111
110000011
S
13
9
110000010
101111100
011111110
011111110
001111111
100001111
111100001
111111100
111111110
011111110
011111110
001111101
010000011
R
13
12
000000001111
110111110111
110111111011
110111111011
110111111011
110111110111
110000001111
110111101111
110111110111
110111110111
110111111011
110111111001
000000111100
Q
16
11
11100000111
11001110011
10111111101
10111111101
01111111110
01111111110
01111111110
01111111110
01111111110
00111111101
10111111101
10001110011
11000001111
11110001111
11101100110
11011110001
P
13
10
0000000011
1101111101
1101111110
1101111110
1101111110
1101111101
1100000011
1101111111
1101111111
1101111111
1101111111
1101111111
0000001111
O
13
11
11100000111
11001110011
10111111101
10111111101
01111111110
01111111110
01111111110
01111111110
01111111110
10111111101
10111111101
11001110011
11100000111
n
10
12
000100001111
110001110011
110011111011
110111111011
110111111011
110111111011
110111111011
110111111011
110111111011
000001100000
m
10
13
0001001000111
1100110011011
1101110111011
1101110111011
1101110111011
1101110111011
1101110111011
1101110111011
1101110111011
0000010001000
j
14
7
0000000
1111110
1111110
1111110
1111110
1111110
1111110
1111110
1111110
1111110
1111110
1111110
1111101
0000011
i
10
9
100001111
111101111
111101111
111101111
111101111
111101111
111101111
111101111
111101111
000000000
g
14
11
11000011000
10011100011
10111110011
01111111011
01111111011
01111111011
01111111011
10111110011
10011100011
11000011011
11111111011
11111111011
11111110111
11000001111
e
10
10
1110000111
1001111001
1011111101
0111111110
0000000000
0111111111
0011111111
1011111110
1100111101
1110000011
c
10
10
1110000101
1001111001
1011111101
0111111101
0111111111
0111111111
0111111111
1011111110
1001111001
1110000011
a
10
10
1100000111
1001110011
1111111011
1111111011
1100000011
1011111011
0111111011
0111111011
0011100011
1000001000
N
13
12
000111000000
110011111011
110011111011
110101111011
110101111011
110110111011
110110111011
110111011011
110111001011
110111101011
110111100011
110111110011
000000110011
M
13
14
10001111110001
11001111110011
11010111101011
11010111101011
11011011011011
11011011011011
11011011011011
11011100111011
11011100111011
11011111111011
11011111111011
11011111111011
00000011000000
L
13
11
00000001111
11101111111
11101111111
11101111111
11101111111
11101111111
11101111111
11101111111
11101111110
11101111110
11101111110
11101111110
00000000000
K
13
13
0000001100001
1101111110111
1101111101111
1101111011111
1101100111111
1101001111111
1100110011111
1101111001111
1101111101111
1101111110111
1101111110111
1101111111011
0000001111000
J
13
11
11100000000
11111110111
11111110111
11111110111
11111110111
11111110111
11111110111
01111110111
01111110111
01111110111
01111110111
10111101111
11000011111
I
13
8
00000000
11101111
11101111
11101111
11101111
11101111
11101111
11101111
11101111
11101111
11101111
11101111
00000000
H
13
12
100001100001
110111111011
110111111011
110111111011
110111111011
110111111011
110000000011
110111111011
110111111011
110111111011
110111111011
110111111011
000001100000
G
13
11
11100000101
11001111001
10111111101
00111111101
01111111111
01111111111
01111111111
01111100000
01111111101
01111111101
10111111101
11011111001
11100000011
F
13
11
00000000000
11011111110
11011111110
11011111110
11011101111
11011101111
11000001111
11011101111
11011101111
11011111111
11011111111
11011111111
00000001111
E
13
10
0000000000
1101111110
1101111110
1101111110
1101110111
1101110111
1100000111
1101110111
1101110111
1101111110
1101111110
1101111110
0000000000
D
13
11
00000000111
11011111011
11011111101
11011111110
11011111110
11011111110
11011111110
11011111110
11011111110
11011111100
11011111101
11011111011
00000000111
C
13
10
1110000010
1101111000
1011111110
0011111110
0111111111
0111111111
0111111111
0111111111
0111111111
0011111110
1011111100
1100111001
1110000111
B
13
11
00000000111
11011111011
11011111101
11011111101
11011111101
11011111011
11000000011
11011111101
11011111110
11011111110
11011111110
11011111101
00000000011
A
13
12
110000011111
111110011111
111101101111
111101101111
111101101111
111011110111
111011110111
111000000111
110111111011
110111111011
110111111001
101111111101
000011110000
l
14
9
100001111
111101111
111101111
111101111
111101111
111101111
111101111
111101111
111101111
111101111
111101111
111101111
111101111
000000000
k
14
9
001111111
101111111
101111111
101111111
101100001
101110111
101101111
101011111
100011111
101101111
101110111
101110111
101111011
001110000
.
2
1
0
0
h
14
12
000111111111
110111111111
110111111111
110111111111
110110001111
110001110111
110011111011
110111111011
110111111011
110111111011
110111111011
110111111011
110111111011
000001100000
f
14
9
111100000
111001111
111011111
111011111
000000001
111011111
111011111
111011111
111011111
111011111
111011111
111011111
111011111
000000001
d
14
11
11111100011
11111111011
11111111011
11111111011
11000011011
10011100011
10111110011
01111111011
01111111011
01111111011
01111111011
10111110011
10011100011
11000011000
b
14
10
0011111111
1011111111
1011111111
1011111111
1011000011
1000111001
1001111101
1011111110
1011111110
1011111110
1011111110
1001111101
1000111001
0011000011

