88
W
9
12
000000001000
100110011101
100110011101
110011001101
110010001011
111000100011
111001100111
111101110111
111101110111
@
12
11
11110000011
11001111101
10011000010
10110010010
00100110010
00100110110
00100110110
00100100101
00110010011
10011111111
11001111111
11100000011
M
9
11
00011110000
10001110001
10001110001
10100101001
10100101001
10110001001
10110011001
10111011001
00011010000
&
9
10
1110000111
1100110111
1100110111
1100101000
1000011101
0011001011
0011100111
0011100011
1000011000
%
9
10
1100011011
1001000011
0011010111
0011001111
1000101000
1111010010
1110100110
1110100110
1101110001
U
9
9
000011000
100111101
100111101
100111101
100111101
100111101
100111101
100111001
110000011
N
9
9
000111000
100011101
100001101
101001101
101100101
101100001
101110001
101111001
000111101
K
9
9
000010000
100111011
100110111
100101111
100001111
100100111
100110011
100111001
000010000
H
9
9
000010000
100111001
100111001
100111001
100000001
100111001
100111001
100111001
000010000
G
9
9
110000101
100111001
001111101
001111111
001111111
001110000
001111001
100111001
110000001
w
6
8
00000100
00101101
10000101
10000011
11010111
11010111
Y
9
8
00001000
10011101
10001011
11001011
11000111
11100111
11100111
11100111
11000011
X
9
8
00001000
10011101
11001011
11000111
11100111
11100011
11010011
10111001
00010000
V
9
8
00001000
10011101
10011101
11001101
11001011
11100011
11100111
11110111
11110111
T
9
8
00000000
01100110
01100110
11100111
11100111
11100111
11100111
11100111
11000011
R
9
8
00000011
10011001
10011001
10011011
10000111
10010011
10010011
10011001
00001000
Q
11
8
11000011
10011001
00111100
00111100
00111100
00111100
00111100
10011001
11000011
11100111
11110001
O
9
8
11000011
10011001
00111100
00111100
00111100
00111100
00111100
10011001
11000011
m
6
8
00100100
00000000
00100100
00100100
00100100
00100100
E
9
8
00000001
10011101
10010101
10010111
10000111
10010111
10010110
10011100
00000000
D
9
8
00000011
10011001
10011100
10011100
10011100
10011100
10011100
10011001
00000011
A
9
8
11101111
11101111
11100111
11000111
11010011
11010011
10000001
10111001
00010000
q
9
7
1000101
0011001
0011001
0011001
0011001
1000001
1111001
1111001
1110000
Z
9
7
0000000
0111000
0111001
1110011
1100011
1100111
1001110
0001110
0000000
P
9
7
0000001
1001100
1001100
1001100
1000001
1001111
1001111
1001111
0000111
L
9
7
0000111
1001111
1001111
1001111
1001111
1001111
1001110
1001110
0000000
F
9
7
0000000
1001110
1001010
1001011
1000011
1001011
1001011
1001111
0000111
d
9
7
1111001
1111001
1111001
1000001
0011001
0011001
0011001
0011001
1000100
C
9
7
1100000
1001110
0011110
0011111
0011111
0011111
0011111
1001110
1100001
B
9
7
0000001
1001100
1001100
1001100
1000001
1001100
1001100
1001100
0000001
>
6
6
001111
110011
111100
111100
110011
001111
<
6
6
111100
110011
001111
001111
110011
111100
~
3
6
100110
000000
011001
-
1
6
000000
#
9
6
110101
110101
000000
110101
101011
000000
101011
101011
101011
9
9
6
100001
001100
001100
001100
001100
100000
111101
111001
100111
8
9
6
100001
001100
001100
000101
100001
001000
001100
001100
100001
6
9
6
111001
100111
101111
000001
001100
001100
001100
001100
100001
4
9
6
111001
110001
110001
101001
011001
000000
000000
111001
111001
x
6
6
000100
100101
110011
110011
101001
001000
v
6
6
000100
001101
100101
100011
110111
110111
u
6
6
001001
001001
001001
001001
001001
000100
p
9
6
001001
000100
001100
001100
001100
000001
001111
001111
001111
o
6
6
100001
001100
001100
001100
001100
100001
S
9
6
100000
001110
001110
000111
100001
111000
011100
011100
000001
n
6
6
001001
000001
001001
001001
001001
001000
a
6
6
100011
001001
001001
100001
001001
000100
J
11
6
110000
111001
111001
111001
111001
111001
111001
111001
001001
001001
100011
h
9
6
001111
001111
001111
000001
001001
001001
001001
001001
001000
b
9
6
001111
001111
001111
000001
001100
001100
001100
001100
010001
+
5
5
11011
11011
00000
11011
11011
?
6
5
10001
00100
00100
11100
11001
11011
*
5
5
11011
01010
10001
01010
11011
^
4
5
11011
10101
10101
01110
0
9
5
10001
10101
00100
00100
00100
00100
00100
10101
10001
7
9
5
00000
00000
01100
11101
11101
11001
11011
11011
10011
5
9
5
10000
10000
10111
00001
00000
11100
11110
00110
00001
3
9
5
10001
01100
11100
10001
11000
11100
11100
01100
00001
2
9
5
10001
00000
01100
11100
11100
11001
11010
10000
00000
$
11
5
11011
10000
01010
01010
00011
11001
11000
01010
01010
00001
11011
z
6
5
00000
01100
11001
10011
00110
00000
y
9
5
00010
10110
10010
11010
11001
11001
11101
01011
00011
r
6
5
00000
00100
00111
00111
00111
00111
t
8
5
11011
10011
00001
10011
10011
10011
10010
10001
g
9
5
10000
00100
00100
10001
10111
00000
00000
01110
00001
e
6
5
10001
00100
00000
00111
00110
10001
c
6
5
10000
00110
00111
00111
00010
10001
k
9
5
00111
00111
00111
00100
00101
00011
00001
00100
00100
f
9
5
11000
10000
10011
00001
10011
10011
10011
10011
00001
/
8
4
1110
1110
1101
1101
1011
1011
0111
0111
\
8
4
0111
0111
1011
1011
1101
1101
1110
1110
]
12
4
0000
1100
1100
1100
1100
1100
1100
1100
1100
1100
1100
0000
}
12
4
0011
1001
1001
1001
1001
1100
1100
1001
1001
1001
1001
0011
[
12
4
0000
0011
0011
0011
0011
0011
0011
0011
0011
0011
0011
0000
{
12
4
1100
1001
1001
1001
1001
0011
0011
1001
1001
1001
1001
1100
)
12
4
0111
1011
1101
1100
1100
1100
1100
1100
1100
1101
1011
0111
(
12
4
1110
1101
1011
0011
0011
0011
0011
0011
0011
1011
1101
1110
s
6
4
1000
0010
0001
1000
0100
0001
j
9
4
1100
1100
1100
1100
1100
1100
0100
0100
0001
i
6
4
0001
1001
1001
1001
1001
0000
l
9
4
0001
1001
1001
1001
1001
1001
1001
1001
0000
I
9
4
0000
1001
1001
1001
1001
1001
1001
1001
0000
'
4
2
00
00
10
01
"
4
2
00
00
00
00
`
4
2
10
01
00
00
!
6
2
00
00
00
00
00
00
.
2
2
00
00
|
8
1
0
0
0
0
0
0
0
0

