95
W
13
19
0000001000000110000
1000011110001111001
1100011110001111011
1100011110001111011
1110001110000111011
1110001101000110111
1110001101100110111
1111000101100001111
1111000011100001111
1111000011110001111
1111100111110011111
1111100111110011111
1111101111111011111
M
13
17
00000111111100000
11000011111100001
11000011111100001
11010001111010001
11010001111010001
11011001110110001
11011000110110001
11011000110110001
11011100001110001
11011100001110001
11011110011110001
11011110011110001
00000110111000000
m
9
15
000010000100001
100001000010000
100011000111000
100011000111000
100011000111000
100011000111000
100011000111000
100011000111000
000001000010000
&
13
14
11110000011111
11100110001111
11100111001111
11100011001111
11100000111111
11110001110000
11000000111001
10011000011011
00011100000111
00011100001111
00001110000111
10000100000001
11000011100011
@
13
14
11111000001111
11100111110011
11001111111001
10011110011100
00111001100110
00111011100110
00110111101110
00110111001110
00110110001101
10011000100011
10001111111111
11100111111111
11110000000111
R
13
14
00000000001111
11000111000111
11000111100011
11000111100011
11000111100011
11000111000111
11000000011111
11000100001111
11000110001111
11000110000111
11000111000011
11000111100001
00000001100000
K
13
14
00000010000001
10001111100111
10001111011111
10001110111111
10001101111111
10001001111111
10000000111111
10001000011111
10001100001111
10001110000111
10001111000011
10001111000011
00000010000000
H
13
14
00000001000000
11000111110001
11000111110001
11000111110001
11000111110001
11000111110001
11000000000001
11000111110001
11000111110001
11000111110001
11000111110001
11000111110001
00000001000000
w
9
13
0000010000100
1000110001110
1100111001101
1100010000101
1100010000101
1110001100011
1110001100011
1111011110111
1111011110111
Y
13
13
0000000110000
1000011111101
1100011111011
1110001111011
1110000110111
1111000101111
1111000001111
1111100011111
1111100011111
1111100011111
1111100011111
1111100011111
1110000000111
X
13
13
0000000100000
1000011111011
1100001110111
1110000110111
1111000101111
1111000011111
1111100001111
1111100001111
1111010000111
1111011000011
1110111100011
1100111100001
0000011000000
V
13
13
0000000110000
1000011111101
1100011111101
1100001111011
1110001111011
1110000110111
1111000110111
1111000110111
1111100001111
1111100001111
1111110011111
1111110011111
1111110111111
U
13
13
0000000110000
1100011111101
1100011111101
1100011111101
1100011111101
1100011111101
1100011111101
1100011111101
1100011111101
1100011111101
1100011111101
1110001111011
1111000000111
Q
16
13
1111000001111
1100011100011
1000111110001
1001111111001
0001111111000
0001111111000
0001111111000
0001111111000
0001111111000
1001111111001
1000111110001
1100111110011
1110011100111
1111100001111
1111100001111
1111110000000
O
13
13
1111000001111
1100011100011
1000111110001
1001111111001
0001111111000
0001111111000
0001111111000
0001111111000
0001111111000
1001111111001
1000111110001
1100011100011
1111000001111
N
13
13
0000011110000
1000001111101
1100001111101
1100000111101
1101000011101
1101100001101
1101110000101
1101111000101
1101111100001
1101111100001
1101111110001
1101111111001
0000011111101
G
13
13
1111000001101
1100011100011
1000111111011
1001111111011
0001111111111
0001111111111
0001111111111
0001111000000
0001111110001
1001111110001
1000111110001
1100011110001
1111000000111
D
13
13
0000000001111
1100011100011
1100011110001
1100011110001
1100011111000
1100011111000
1100011111000
1100011111000
1100011111000
1100011111001
1100011110001
1100011100011
0000000001111
A
13
13
1111110111111
1111110111111
1111100011111
1111100011111
1111010001111
1111010001111
1110111000111
1110111000111
1110000000011
1101111100011
1101111100011
1001111100001
0000111000000
T
13
12
100000000000
101110001100
101110001110
011110001110
111110001111
111110001111
111110001111
111110001111
111110001111
111110001111
111110001111
111110001111
111000000011
L
13
12
000000011111
110001111111
110001111111
110001111111
110001111111
110001111111
110001111111
110001111111
110001111111
110001111110
110001111100
110001111000
000000000001
E
13
12
000000000001
110001111001
110001111101
110001110101
110001110111
110001100111
110000000111
110001100111
110001110111
110001110110
110001111110
110001111000
000000000001
C
13
12
111100000110
110001111000
100011111100
100111111110
000111111111
000111111111
000111111111
000111111111
000111111111
100111111111
100011111110
110001111001
111100000111
B
13
12
000000000111
110001100001
110001110001
110001110001
110001110001
110001100111
110000000011
110001110001
110001111000
110001111000
110001111000
110001110001
000000000011
%
13
11
11100011110
11001100000
10011101101
10011101101
00011011011
10111011011
10000110111
11111101111
11111101111
11111011111
11111011111
11110111111
11110111111
Z
13
11
00000000001
00111100001
01111100011
01111000111
11111000111
11110001111
11100001111
11100011111
11000111110
10000111110
10001111110
00001111000
00000000000
P
13
11
00000000011
11000110001
11000111000
11000111000
11000111000
11000110001
11000000011
11000111111
11000111111
11000111111
11000111111
11000111111
00000001111
F
13
11
00000000000
11000111100
11000111110
11000111010
11000111011
11000110111
11000000111
11000110111
11000110111
11000111011
11000111111
11000111111
00000001111
u
9
10
0000100001
1000110001
1000110001
1000110001
1000110001
1000110001
1000110001
1000110001
1100000000
p
13
10
0000100011
1000010001
1000111000
1000111000
1000111000
1000111000
1000111000
1000110001
1000000011
1000111111
1000111111
1000111111
0000001111
n
9
10
1000100011
1000010001
1000110001
1000110001
1000110001
1000110001
1000110001
1000110001
0000010000
k
13
10
0000111111
1000111111
1000111111
1000111111
1000110000
1000111011
1000110111
1000101111
1000000111
1000100011
1000110001
1000111000
0000010000
h
13
10
0000111111
1000111111
1000111111
1000111111
1000100011
1000010001
1000110001
1000110001
1000110001
1000110001
1000110001
1000110001
0000010000
d
13
10
1111100001
1111110001
1111110001
1111110001
1100010001
1000100001
0001110001
0001110001
0001110001
0001110001
0001110001
1000100001
1100000000
b
13
10
0000111111
1000111111
1000111111
1000111111
1000000011
1000110001
1000111000
1000111000
1000111000
1000111000
1000111000
1000111001
1010000011
>
9
9
000111111
100001111
111000011
111110000
111111000
111100001
110000111
000011111
011111111
<
9
9
111111000
111100001
110000111
000011111
000111111
100001111
111000011
111110000
111111110
+
10
9
111001111
111001111
111001111
111001111
000000000
000000000
111001111
111001111
111001111
111001111
_
1
9
000000000
-
2
9
000000000
000000000
#
13
9
111001101
111011101
111011001
111011001
100000000
110011011
110011011
110011011
000000000
110110011
110110011
110110011
100110111
0
13
9
111000111
110010011
100111001
000111000
000111000
000111000
000111000
000111000
000111000
000111000
100111001
110010011
111000111
9
13
9
110000111
100110001
000111001
000111000
000111000
000111000
100111000
100000000
111110001
111110001
111100011
111000111
100011111
8
13
9
110000011
100111000
000111100
000111100
000001001
100000111
111000001
110000000
100110000
100111000
100111000
100011001
111000011
7
13
9
100000000
100000001
100000001
011111001
111111011
111111011
111110011
111110111
111100111
111100111
111101111
111001111
111001111
5
13
9
111000000
110000001
110111111
110111111
110000111
100000001
100000001
111110001
111111000
111111101
100111101
000011011
100000111
4
13
9
111111001
111110001
111100001
111100001
111010001
110110001
101110001
101110001
000000000
000000000
111110001
111110001
111110001
3
13
9
111000011
110000001
101110001
111110001
111110011
111100001
111000000
111111000
111111100
111111100
100111101
000011001
100000111
2
13
9
111000111
110000011
101100001
101110001
111110001
111110011
111110011
111100111
111001111
111011110
110000000
100000001
000000001
$
16
9
111101111
111000111
100101001
001101101
001101101
000001111
100000111
110000001
111100000
111100000
101101100
101101100
101101101
110000011
111101111
111101111
y
13
9
000001000
100011101
100011101
110001011
110001011
111000011
111000111
111100111
111101111
111101111
001101111
001011111
100111111
x
9
9
000001000
100011101
110001011
111000111
111000111
111000011
110110001
100110001
000110000
v
9
9
000001000
100011101
110011101
110001101
111001011
111000011
111000111
111100111
111101111
q
13
9
110000101
100110001
000110001
000110001
000110001
000110001
000110001
100110001
110000001
111110001
111110001
111110001
111100000
o
9
9
110000011
100111001
000111000
000111000
000111000
000111000
000111000
100111001
110000011
S
13
9
110000101
100111001
001111101
001111101
000111111
100000111
110000001
111100001
111111000
011111100
011111100
001111001
010000011
g
13
9
110000000
100111001
000111000
000111000
100111000
110000011
110111111
100111111
000000001
100000000
001111110
001111100
100000011
a
9
9
110000011
100110001
100010001
110110001
111000001
100110001
000110001
000100001
000010000
J
15
9
110000000
111100011
111100011
111100011
111100011
111100011
111100011
111100011
111100011
111100011
111100011
000100011
000100011
001100111
100001111
~
3
8
00001110
01100000
11111001
6
13
8
11111000
11100111
11001111
10001111
10011111
00000001
00011001
00011000
00011000
00011000
10011000
10011001
11000011
z
9
8
10000000
10111001
10110001
11100011
11100011
11000111
11001110
10001100
00000000
e
9
8
11000011
10001001
10011100
10011100
00000000
10011111
10011111
10001110
11000001
c
9
8
11100001
10001000
10011000
00011111
00011111
00011111
00011111
10001110
11000001
f
13
8
11000001
10001000
10001000
10001111
00000011
10001111
10001111
10001111
10001111
10001111
10001111
10001111
00000011
?
9
7
1000011
0011000
0001000
0001000
1111000
1111001
1111011
1110111
1110111
%
7
7
1110001
1000110
1001110
0011110
0011101
0011001
1000011
*
8
7
1110011
1110010
0010100
0000011
1110000
0000100
0010011
1110011
^
7
7
1110111
1100011
1101011
1001001
1011101
0011100
0111110
1
13
7
1111011
1000011
1100011
1100011
1100011
1100011
1100011
1100011
1100011
1100011
1100011
1100011
0000000
s
9
7
1000010
0011101
0011110
0000111
1000001
1110000
0111100
0011100
0000001
r
9
7
0001000
0000000
0001100
0001111
0001111
0001111
0001111
0001111
0000011
I
13
7
0000000
1100011
1100011
1100011
1100011
1100011
1100011
1100011
1100011
1100011
1100011
1100011
0000000
/
13
6
111100
111001
111001
111001
110011
110011
110111
100111
100111
101111
001111
001111
011111
\
13
6
011111
001111
001111
101111
100111
100111
110011
110011
110011
111001
111001
111001
111100
t
12
6
111011
110011
110011
000000
100011
100011
100011
100011
100011
100011
100010
100001
j
13
6
110000
111000
111000
111000
111000
111000
111000
111000
111000
111000
001000
001001
100001
}
16
5
00111
10011
10011
10011
10011
10011
10011
11001
11000
10011
10011
10011
10011
10011
10011
00111
[
16
5
00000
00111
00111
00111
00111
00111
00111
00111
00111
00111
00111
00111
00111
00111
00111
00000
{
17
5
11000
10011
10011
10011
10011
10011
10011
10111
00111
10011
10011
10011
10011
10011
10011
11001
11110
)
16
5
00111
11011
11001
11101
11100
11100
11100
11100
11100
11100
11100
11100
11101
11101
11011
10111
(
16
5
11110
11001
11011
10111
10111
00111
00111
00111
00111
00111
00111
10111
10111
11011
11001
11110
i
9
5
00001
10001
10001
10001
10001
10001
10001
10001
00000
l
13
5
00001
10001
10001
10001
10001
10001
10001
10001
10001
10001
10001
10001
00000
'
6
4
1001
0000
1000
1110
1101
1011
]
16
4
0000
1100
1100
1100
1100
1100
1100
1100
1100
1100
1100
1100
1100
1100
1100
0000
`
6
4
1100
1011
1011
0001
0000
1000
.
3
3
001
000
000
,
6
3
001
000
000
110
101
011
'
5
3
000
000
000
001
101
.
3
3
001
000
001
!
9
3
001
000
000
001
001
001
101
101
101
.
3
3
000
000
000
.
3
3
100
000
100
|
13
2
00
00
00
00
00
00
00
00
00
00
00
00
00

