96
W
16
23
00000001100000001110000
11000011111000011111001
11000011111000011111011
11000011111000011111011
11100001111000011111011
11100001111000001110111
11110001111000001110111
11110000110110001110111
11110000110110000101111
11111000101111000101111
11111000001111000101111
11111000011111000011111
11111100011111100011111
11111100011111100111111
11111100111111100111111
11111110111111110111111
M
16
21
000000111111111000000
110000011111111000011
110000011111111000011
110100001111110100011
110100001111110100011
110100000111101100011
110110000111101100011
110110000111001100011
110111000011011100011
110111000011011100011
110111100000111100011
110111100000111100011
110111110001111100011
110111110001111100011
110011111011111100011
000000111011110000000
m
11
19
0000010000111000011
1100000000000000001
1100011100011110001
1100011100011110001
1100011100011110001
1100011100011110001
1100011100011110001
1100011100011110001
1100011100011110001
1100011100011110001
0000001000001000000
H
16
18
000000001100000000
111000111111000111
111000111111000111
111000111111000111
111000111111000111
111000111111000111
111000111111000111
111000000000000111
111000111111000111
111000111111000111
111000111111000111
111000111111000111
111000111111000111
111000111111000111
111000111111000111
000000001100000000
&
16
17
11111000001111111
11110011000111111
11100011100111111
11100011100111111
11100001101111111
11100000011111111
11110000111000001
11100000011110011
11001000011110111
10011100001101111
00011110000101111
00011110000011111
00001111000011111
00000111000001110
10000010010000001
11000001111000011
K
16
17
00000000100000001
11000111111000111
11000111111011111
11000111110111111
11000111101111111
11000111011111111
11000110011111111
11000000001111111
11000000001111111
11000100000111111
11000110000011111
11000111000001111
11000111100000111
11000111110000011
11000111111000001
00000000100000000
G
16
17
11111000000110111
11100011110000111
11000111111100111
10000111111110111
10001111111110111
00001111111111111
00001111111111111
00001111111111111
00001111111111111
00001111100000000
00001111111000111
10001111111000111
10000111111000111
11000111111000111
11100001111000111
11111000000011111
@
16
16
1111100000011111
1111001111100111
1100111111111011
1001111111111101
1001111000100101
0011110011001110
0011100111001110
0011101111001110
0011001111001110
0011001111011110
0011001110011101
1001001100011011
1001100011000111
1100111111111111
1110001111110111
1111100000001111
Y
16
16
0000000011100000
1100001111111001
1110000111111011
1110000111111011
1111000011110111
1111000011101111
1111100001101111
1111110001011111
1111110000111111
1111111000111111
1111111000111111
1111111000111111
1111111000111111
1111111000111111
1111111000111111
1111000000001111
X
16
16
0000000011000000
1100000111110011
1100000111110111
1110000011101111
1111000011011111
1111100001011111
1111100000111111
1111110000111111
1111111000011111
1111110000001111
1111100100001111
1111101110000111
1111011110000011
1110011111000011
1100111111000001
0000001100000000
V
16
16
0000000011100000
1100001111111001
1100001111111011
1110000111111011
1110000111111011
1111000011110111
1111000011110111
1111100011101111
1111100001101111
1111100001101111
1111110000011111
1111110000011111
1111111000111111
1111111000111111
1111111100111111
1111111101111111
U
16
16
0000000011100000
1110001111111001
1110001111111101
1110001111111101
1110001111111101
1110001111111101
1110001111111101
1110001111111101
1110001111111101
1110001111111101
1110001111111101
1110001111111101
1110001111111101
1111000111111011
1111000011110011
1111110000001111
R
16
16
0000000000011111
1100011110000111
1100011111000011
1100011111000011
1100011111000011
1100011111000011
1100011111000111
1100011110011111
1100000000111111
1100010000011111
1100011000001111
1100011000000111
1100011100000111
1100011110000011
1100011111000001
0000000111000000
Q
20
16
1111100000011111
1110001111000111
1100011111100011
1000011111100001
1000111111110001
0000111111110000
0000111111110000
0000111111110000
0000111111110000
0000111111110000
0000111111110000
1000111111110001
1000111111110001
1100011111100011
1110011111100111
1111000110001111
1111110000111111
1111110000011111
1111111000001111
1111111110000001
O
16
16
1111100000011111
1110001111000111
1100011111100011
1000011111100001
1000111111110001
0000111111110000
0000111111110000
0000111111110000
0000111111110000
0000111111110000
0000111111110000
1000111111110001
1000011111100001
1100011111100011
1110001111000111
1111100000011111
N
16
16
0000001111100000
1000000111111001
1100000011111101
1100000011111101
1101000001111101
1101100000111101
1101110000011101
1101110000001101
1101111000000101
1101111100000101
1101111110000001
1101111111000001
1101111111100001
1101111111110001
1100111111111001
0000001111111101
D
16
16
0000000000011111
1110001110000111
1110001111100011
1110001111100001
1110001111110001
1110001111110000
1110001111110000
1110001111110000
1110001111110000
1110001111110000
1110001111110000
1110001111110001
1110001111100001
1110001111100011
1110001111000111
0000000000011111
A
16
16
1111111001111111
1111111001111111
1111111001111111
1111110000111111
1111110000111111
1111101000011111
1111101000011111
1111011100001111
1111011100001111
1111011110001111
1110000000000111
1110111111000111
1101111111000011
1101111111000011
1001111111000001
0000011110000000
w
11
15
000001000001000
000011100011100
100011100011101
100011100001101
110001100001011
110001010001011
110000011000011
111000111000111
111000111000111
111100111101111
111101111101111
L
16
15
000000000111111
111000111111111
111000111111111
111000111111111
111000111111111
111000111111111
111000111111111
111000111111111
111000111111111
111000111111111
111000111111111
111000111111110
111000111111100
111000111111001
111000111110001
000000000000001
E
16
15
000000000000001
111000111110001
111000111111001
111000111111101
111000111101101
111000111101111
111000111001111
111000000001111
111000110001111
111000111001111
111000111101111
111000111101110
111000111111110
111000111111100
111000111110001
000000000000001
C
16
15
111110000001110
111000111100000
110001111111000
100001111111100
100011111111110
000011111111111
000011111111111
000011111111111
000011111111111
000011111111111
000011111111111
100011111111111
100001111111111
110001111111100
111000011110011
111110000001111
%
16
14
11110001111100
11000110000001
10001110111001
00001110111011
00011110110111
00011101100111
00011101101111
00011011001111
10000111011111
11111110011111
11111110111111
11111101111111
11111101111111
11111011111111
11110011111111
11110111111111
Z
16
14
10000000000001
10001111000011
10111111000011
10111110000111
01111100000111
11111100001111
11111000011111
11111000011111
11110000111111
11100000111111
11100001111110
11000011111110
11000011111100
10000111111101
00000111110001
00000000000001
T
16
14
00000000000000
00111000111000
01111000111100
01111000111110
01111000111110
11111000111111
11111000111111
11111000111111
11111000111111
11111000111111
11111000111111
11111000111111
11111000111111
11111000111111
11111000111111
11100000000111
P
16
14
00000000000111
11100011100001
11100011110000
11100011110000
11100011110000
11100011110000
11100011110001
11100011100001
11100000000111
11100011111111
11100011111111
11100011111111
11100011111111
11100011111111
11100011111111
00000000111111
F
16
14
00000000000000
11100011111000
11100011111100
11100011111110
11100011110110
11100011101111
11100011001111
11100000001111
11100011001111
11100011101111
11100011101111
11100011101111
11100011111111
11100011111111
11100011111111
00000000011111
B
16
14
00000000000111
11100011100011
11100011110001
11100011110001
11100011110001
11100011110001
11100011100011
11100000001111
11100011100001
11100011110001
11100011110000
11100011110000
11100011110000
11100011110001
11100011100001
00000000000111
u
11
13
0000011000011
1100011100011
1100011100011
1100011100011
1100011100011
1100011100011
1100011100011
1100011100011
1100011100011
1100011000011
1110000100000
n
11
13
0000010000111
1100000000011
1100011100011
1100011100011
1100011100011
1100011100011
1100011100011
1100011100011
1100011100011
1100011100011
0000001000000
>
12
12
011111111111
000111111111
100000111111
111000001111
111110000011
111111100000
111111110000
111111000001
111000001111
100000111111
000011111111
001111111111
<
12
12
111111111100
111111110000
111111000001
111000000111
100000111111
000011111111
000011111111
100000111111
111000001111
111110000011
111111110000
111111111100
+
12
12
111110011111
111110011111
111110011111
111110011111
111110011111
000000000000
000000000000
111110011111
111110011111
111110011111
111110011111
111110011111
_
1
12
000000000000
_
2
12
000000000000
000000000000
#
16
12
111100110011
111101110011
111001110011
111001110011
100000000000
100000000000
111001100111
111001100111
111011100111
000000000001
000000000001
110011100111
110011101111
110011001111
110011001111
110011001111
q
16
12
111000011011
100011100011
100111100011
000111100011
000111100011
000111100011
000111100011
000111100011
100111100011
100011000011
110000100011
111111100011
111111100011
111111100011
111111100011
111110000000
p
16
12
000001000011
110000110001
110001111001
110001111000
110001111000
110001111000
110001111000
110001111000
110001111001
110000110001
110001000011
110001111111
110001111111
110001111111
110001111111
000000011111
k
16
12
000011111111
100011111111
100011111111
100011111111
100011111111
100011000001
100011100111
100011101111
100011011111
100010011111
100000001111
100010000111
100011000111
100011100011
100011100001
000001000000
h
16
12
000001111111
110001111111
110001111111
110001111111
110001111111
110001000011
110000000001
110001110001
110001110001
110001110001
110001110001
110001110001
110001110001
110001110001
110001110001
000000100000
b
16
12
000001111111
110001111111
110001111111
110001111111
110001111111
110001000011
110000110001
110001111001
110001111000
110001111000
110001111000
110001111000
110001111000
110001111001
110001111011
110110000111
7
16
11
10000000000
10000000000
10000000001
10111111001
01111111001
11111110011
11111110011
11111100011
11111100111
11111100111
11111000111
11111001111
11111001111
11110001111
11110011111
11110011111
4
16
11
11111110011
11111100011
11111100011
11111000011
11110100011
11100100011
11101100011
11011100011
10111100011
10111100011
00000000000
00000000000
00000000000
11111100011
11111100011
11111100011
3
16
11
11110000011
11000000001
10111100001
10111110001
11111110001
11111110011
11111100011
11110000001
11111000000
11111110000
11111111000
11111111000
11111111001
10011111001
00001110011
10000001111
2
16
11
11110000111
11100000011
11000000001
10111100001
10111110001
11111110001
11111110001
11111110011
11111100111
11111101111
11111011111
11110111110
11101111110
11000000000
10000000001
00000000001
y
16
11
00000011000
10000111101
11000111101
11000111011
11000011011
11100011011
11100000111
11110000111
11110001111
11111001111
11111001111
11111011111
11111011111
00010111111
00000111111
10001111111
x
11
11
00000010000
10000111001
11000011011
11100010111
11100001111
11110000111
11110000111
11100000011
11101100001
11011110000
00001100000
v
11
11
00000011000
10000111101
11000111101
11000011011
11100011011
11100001011
11110000111
11110000111
11111001111
11111001111
11111011111
S
16
11
11000000101
10001110001
00011111001
00011111101
00011111101
00000111111
10000001111
10000000011
11100000001
11111000000
11111110000
01111111000
01111111000
00111111001
00011110001
01100000111
J
18
11
11100000000
11111100011
11111100011
11111100011
11111100011
11111100011
11111100011
11111100011
11111100011
11111100011
11111100011
11111100011
11111100011
10111100011
00011100011
00011100011
00011100111
11000001111
d
16
11
11111000001
11111110001
11111110001
11111110001
11111110001
11000010001
10001100001
10011110001
00011110001
00011110001
00011110001
00011110001
00011110001
10011110001
10001100001
11000010000
~
4
10
1000111111
0000001110
0011000000
1111110001
^
9
10
1111001111
1110001111
1110000111
1100100111
1100110011
1001110011
1001111001
0011111001
0011111100
0
16
10
1110000111
1100110011
1001111001
1001111001
0001111000
0001111000
0001111000
0001111000
0001111000
0001111000
0001111000
0001111000
1001111001
1001111001
1100110011
1110000111
9
16
10
1110000111
1001110011
1001111001
0001111001
0001111000
0001111000
0001111000
0001111000
1000111000
1100000000
1111110001
1111110001
1111100011
1111000111
1110001111
1000111111
8
16
10
1110000011
1000110001
0001111000
0001111000
0000111000
0000011001
1000000111
1100000011
1110000001
1000100000
0001110000
0001111000
0001111000
0001111000
1000110001
1100000111
6
16
10
1111111000
1111100111
1110001111
1100011111
1000011111
1000111111
0000000011
0001110001
0001111000
0001111000
0001111000
0001111000
0001111000
1001111001
1100111001
1110000111
5
16
10
1100000000
1100000001
1100000001
1011111111
1011111111
1000001111
1000000011
0000000001
1110000001
1111110001
1111111000
1111111101
1111111101
0001111001
0000110011
0000001111
$
20
10
1111011111
1111011111
1110001111
1001010001
0011011001
0011011101
0001011101
0000011111
0000001111
1000000011
1100000001
1111000000
1111010000
0111011000
0111011000
0111011000
0011011001
1000000111
1111011111
1111011111
z
11
10
1000000000
1001110001
1011100001
1011000011
1111000111
1110000111
1110001111
1100001110
1100011110
1000011100
0000000001
o
11
10
1110000111
1100110001
1001111001
0001111000
0001111000
0001111000
0001111000
0001111000
1001111001
1000110001
1110000111
g
16
10
1100001111
1001110000
0001110001
0001110001
0001110001
0001110001
1001110011
1100000111
1001111111
0000000001
0000000000
1000000000
1011111100
0011111100
0001111001
1000000011
a
11
10
1100000111
0001110011
0001110001
0001110001
1111110001
1110000001
1000110001
0001110001
0001110001
0000100001
1000010000
?
11
9
110000011
100110001
000111000
000111000
000111000
111111000
111110001
111110011
111101111
111101111
111101111
o
9
9
111100001
110001110
100001110
100011110
000011110
000111101
000111101
000111011
100000111
*
10
9
111100111
111100111
001101100
000101000
110000111
111001001
100101100
001100100
111100111
111100111
r
11
9
000011000
100010000
100001000
100011111
100011111
100011111
100011111
100011111
100011111
100011111
000000111
e
11
9
110000011
100111001
000111001
000111000
000000000
000111111
000111111
000111111
000011110
100000001
110000011
c
11
9
111000001
110011000
100111000
000111000
000111111
000111111
000111111
000111111
100011111
100001100
110000011
I
16
9
000000000
111000111
111000111
111000111
111000111
111000111
111000111
111000111
111000111
111000111
111000111
111000111
111000111
111000111
111000111
000000000
f
16
9
111100001
111001100
110001000
110001101
110001111
000000011
110001111
110001111
110001111
110001111
110001111
110001111
110001111
110001111
110001111
000000011
}
20
8
00001111
11100111
11100111
11100111
11100111
11100111
11100111
11100111
11100111
11110000
11110011
11100111
11100111
11100111
11100111
11100111
11100111
11100111
11100111
10001111
1
16
8
11110011
11000011
00000011
11100011
11100011
11100011
11100011
11100011
11100011
11100011
11100011
11100011
11100011
11100011
11000011
00000000
s
11
8
11100010
11011100
10011110
10001111
10000011
11000001
11110000
01111000
10111100
10011101
10100011
t
15
8
11110111
11100111
11100111
11000111
00000001
11000111
11000111
11000111
11000111
11000111
11000111
11000111
11000110
11000101
11100001
/
16
7
1111100
1111000
1111001
1111001
1110011
1110011
1110011
1100111
1100111
1100111
1001111
1001111
1001111
0011111
0011111
0011111
{
20
7
1110000
1100111
1100111
1100111
1100111
1100111
1100111
1100111
1100111
0001111
1001111
1100111
1100111
1100111
1100111
1100111
1100111
1100111
1100111
1110001
\
16
7
0011111
0011111
0011111
1001111
1001111
1001111
1100111
1100111
1100111
1110011
1110011
1110001
1111001
1111001
1111000
1111100
j
16
7
1100000
1111000
1111000
1111000
1111000
1111000
1111000
1111000
1111000
1111000
1111000
1111000
0001000
0001000
0011001
1000011
)
20
6
011111
101111
110111
110011
111011
111001
111001
111001
111000
111000
111000
111000
111001
111001
111001
111011
110011
110111
101111
011111
(
20
6
111110
111101
111011
110111
100111
100111
100111
000111
000111
000111
000111
000111
000111
100111
100111
110111
110011
111011
111101
111110
i
11
6
000001
110001
110001
110001
110001
110001
110001
110001
110001
110001
000000
l
16
6
000001
110001
110001
110001
110001
110001
110001
110001
110001
110001
110001
110001
110001
110001
110001
000000
]
20
5
00000
11100
11100
11100
11100
11100
11100
11100
11100
11100
11100
11100
11100
11100
11100
11100
11100
11100
11100
00000
[
20
5
00000
00111
00111
00111
00111
00111
00111
00111
00111
00111
00111
00111
00111
00111
00111
00111
00111
00111
00111
00000
.
4
4
1001
0000
0000
0001
,
8
4
1001
0000
0000
0000
1110
1101
1001
0111
,
8
4
1001
0000
0000
0000
1110
1100
1001
0111
'
8
4
0001
0000
0000
1000
1100
1101
1011
0111
`
8
4
1100
1011
0011
0111
0001
0000
0000
1001
!
11
4
0001
0000
0000
0000
0001
1001
1001
1001
1011
1011
1011
.
4
4
1001
0000
0000
1001
.
4
3
000
000
000
000
'
7
3
000
000
000
000
101
101
101
.
4
3
000
000
000
001
|
16
2
00
00
00
00
00
00
00
00
00
00
00
00
00
00
00
00

