92
W
7
10
0000001100
1011001110
1001101101
1101010101
1100010011
1110110011
1110111011
M
7
10
0001111000
1001111001
1010110101
1010110101
1011001101
1011001101
0001010000
m
5
9
000000001
101101101
101101101
101101101
000000000
@
7
8
11100011
11011011
11000000
10101101
01110101
01110011
00001000
%
7
8
10000011
01100111
01000111
00001000
11010110
11010110
10110001
@
7
8
11000011
10111101
01100110
01011010
01010110
10000101
11000001
w
5
8
00100100
10110110
10110101
11001001
11011011
Y
7
8
00011000
10011101
11101011
11110111
11110111
11110111
11000011
X
7
8
00001000
10011011
11000111
11100111
11010011
10111001
00010000
V
7
8
00011000
10111101
11011101
11011011
11101011
11100111
11110111
U
7
8
00011000
10111101
10111101
10111101
10111101
10111101
11000011
N
7
8
00111000
10011101
10101101
10110101
10111001
10111101
00011101
K
7
8
00000001
10111011
10100111
10001111
10110111
10111001
00000000
H
7
8
00011000
10111101
10111101
10000001
10111101
10111101
00011000
G
7
8
11000001
10111101
01111111
01111000
01111101
10111101
11000001
D
7
8
00000011
10111101
10111110
10111110
10111110
10111101
00000011
A
7
8
11101111
11100111
11010111
11011011
11000011
10111101
00111000
Z
7
7
0000001
0111011
1111011
1110111
1101111
1011110
0000001
T
7
7
0000000
0110110
1110111
1110111
1110111
1110111
1100011
R
7
7
0000011
1011101
1011001
1000111
1010011
1011001
0001100
Q
9
7
1100011
1011101
0111110
0111110
0111110
0111101
1001011
1110011
1111000
O
7
7
1100011
1011101
0111110
0111110
0111110
1011101
1100011
L
7
7
0001111
1011111
1011111
1011111
1011111
1011110
0000001
E
7
7
0000001
1011111
1011101
1000011
1011111
1011110
0000001
C
7
7
1100000
1011110
0111111
0111111
0111111
1011110
1100001
>
6
6
011111
100111
111001
111100
110011
001111
<
6
6
111110
111001
100111
001111
110011
111100
+
6
6
111011
111011
111011
000000
111011
111011
-
1
6
000000
#
7
6
110101
110101
000000
101011
000001
101011
101011
2
7
6
100011
011101
111101
111001
111011
100110
100001
2
7
5
10001
01110
11110
11100
11101
10011
10000
P
7
6
000001
101110
101110
100001
101111
101111
000111
F
7
6
000000
101111
101110
100001
101111
101111
000111
k
8
6
101111
101111
101111
101001
101011
100111
101011
000000
B
8
6
110111
001001
101110
101110
100001
101110
101110
000001
^
4
5
11011
10101
10101
01110
0
7
5
10001
01110
01110
01110
01110
01110
10001
9
7
5
10001
01110
01110
01110
10000
11101
00011
4
7
5
11101
11001
10101
01101
00000
11101
11101
$
9
5
10001
01010
01011
10011
11001
11010
01010
00001
11011
6
8
5
11100
11011
10111
00001
01110
01110
01110
10001
5
8
5
11110
11000
10111
10001
11100
11110
11110
00001
y
7
5
00110
10110
10101
11001
11011
11011
00111
x
5
5
00000
10001
11011
10101
00100
v
5
5
00110
10110
10101
11001
11011
u
5
5
00100
10110
10110
10110
10000
q
8
5
10000
01110
01110
01110
10000
11110
11110
11100
p
8
5
00001
10110
10110
10110
10001
10111
10111
00011
o
5
5
10001
01110
01110
01110
10001
S
7
5
10000
10110
10111
11001
11110
01110
10001
n
5
5
00000
10110
10110
10110
00000
g
8
5
11000
10110
10110
11001
10001
10110
01110
00001
e
5
5
10001
00001
01111
00110
10001
c
5
5
10001
01111
01111
01110
10001
a
5
5
10001
10101
10001
01101
00000
h
8
5
10111
10111
10111
10000
10110
10110
10110
00100
d
8
5
11110
11110
11110
10000
01110
01110
01110
10000
~
2
4
0011
0100
?
5
4
0001
0110
1110
1101
1011
*
4
4
0010
0001
0010
1011
8
7
4
1000
0110
0001
1001
0110
0110
1001
7
7
4
0000
1110
1101
1101
1101
1011
1011
3
7
4
0001
1101
1101
1000
1110
1110
0001
z
5
4
0001
1101
1011
0110
0000
s
5
4
0001
0110
1001
0110
0000
r
5
4
0000
1011
1011
1011
0001
j
7
4
1000
1101
1101
1101
1101
1101
0001
f
8
4
1100
1011
1011
0001
1011
1011
1011
0001
b
8
4
0111
0111
0111
0001
0110
0110
0110
0001
/
7
3
110
110
101
101
101
011
011
]
9
3
000
110
110
110
110
110
110
110
000
\
7
3
011
011
101
101
101
110
110
}
10
3
011
101
101
101
101
110
101
101
101
101
)
9
3
101
101
110
110
110
110
110
101
011
1
7
3
101
101
101
101
101
101
000
j
8
3
100
110
110
110
110
110
010
101
i
5
3
001
101
101
101
000
I
7
3
000
101
101
101
101
101
000
l
8
3
101
101
101
101
101
101
101
000
,
2
2
01
10
[
9
2
00
01
01
01
01
01
01
01
00
`
2
2
01
00
|
10
2
10
01
01
01
01
01
01
01
01
01
,
2
1
0
0
(
9
2
10
10
01
01
01
01
01
10
10
!
5
2
00
10
10
10
10
t
6
2
01
00
01
01
01
00
'
2
1
0
0
|
7
1
0
0
0
0
0
0
0
'
3
1
0
0
0
.
1
1
0

