92
W
9
12
000100001100
101110011110
100111011101
110111001101
110010101011
111010101011
111001100011
111001110111
111101110111
M
9
12
000111111000
100111110011
100011110011
101011101011
101001101011
101101011011
101100011011
101110111011
000110110000
m
6
10
0000010001
1011101101
1011101101
1011101101
1011101101
0001000000
K
9
10
0000100001
1101110111
1101101111
1101011111
1100011111
1101001111
1101100111
1101110011
0000110000
&
9
9
111000111
110110111
110110111
110001001
101011001
011011011
011100111
011100111
100011000
@
9
9
111000011
100111001
101101100
011010010
010110110
010110110
000000001
100111111
110000011
w
6
9
000000110
101101110
100110110
110100101
110011011
111011011
Y
9
9
000011000
100111101
110011011
111001011
111100111
111101111
111101111
111101111
111000011
X
9
9
000011000
110111101
110011011
111000111
111100111
111010011
110110011
101111001
000110000
V
9
9
000011100
100111101
110111101
110011101
111011011
111001011
111100111
111100111
111101111
U
9
9
000011000
110111101
110111101
110111101
110111101
110111101
110111101
110011001
111000011
R
9
9
000000111
110111011
110111011
110110011
110001111
110100111
110110011
110111001
000011000
N
9
9
000111000
100111101
101011101
101001101
101101101
101110101
101111001
101111101
000111101
H
9
9
000011000
110111101
110111101
110111101
110000001
110111101
110111101
110111101
000011000
D
9
9
000000011
110111001
110111100
110111110
110111110
110111110
110111100
110111001
000000011
A
9
9
111101111
111100111
111010111
111010011
110111011
110000001
101111001
101111100
000111000
Z
9
8
10000001
01111101
11111011
11110111
11100111
11101111
11011111
10111110
00000000
T
9
8
00000000
01110110
11110111
11110111
11110111
11110111
11110111
11110111
11000011
Q
12
8
11000011
10111101
00111100
01111110
01111110
01111110
01111110
10111101
10011011
11100111
11110011
11111000
O
9
8
11000011
10111101
01111110
01111110
01111110
01111110
01111110
10111101
11000011
L
9
8
00001111
10111111
10111111
10111111
10111111
10111111
10111111
10111110
00000001
G
9
8
11000001
10111101
01111101
01111111
01111000
01111101
01111101
10111101
11000011
E
9
8
00000001
10111101
10111111
10111101
10000001
10111101
10111111
10111110
00000001
C
9
8
11000001
10111101
01111101
01111111
01111111
01111111
01111111
10111100
11000011
B
9
8
00000011
11011101
11011101
11011101
11000011
11011100
11011110
11011100
00000001
>
7
7
0111111
1000111
1111001
1111110
1111001
1100111
0011111
<
7
7
1111110
1111001
1100111
0011111
1000111
1111001
1111110
+
7
7
1110111
1110111
1110111
0000000
1110111
1110111
1110111
-
1
7
0000000
%
9
7
1000110
1010000
0110101
0100101
0001011
1110111
1110111
1101111
1101111
#
9
7
1101101
1101101
1101101
0000000
1101011
0000001
1011011
1011011
1011011
2
9
7
1100011
1011001
0111101
1111101
1111011
1111011
1110111
1101110
1000001
P
9
7
0000001
1101110
1101110
1101110
1100001
1101111
1101111
1101111
0000111
k
9
7
0011111
1011111
1011111
1011001
1010011
1001111
1010111
1011011
0001000
k
9
6
001111
101111
101111
101100
101001
100111
101011
101101
000100
F
9
7
0000000
1011110
1011111
1011110
1000001
1011110
1011111
1011111
0000111
~
2
6
000100
111001
0
9
6
100011
101101
011110
011110
011110
011110
011110
101101
110001
7
9
6
100000
011110
111101
111101
111101
111011
111011
111011
110111
5
9
6
110000
110111
100111
110001
111100
111110
111110
111110
000001
4
9
6
111101
111001
110101
110101
101101
011101
000000
111101
111101
$
11
6
111011
110001
101010
101011
100011
110001
111000
111010
011010
100001
111011
z
6
6
100001
011011
111011
110111
101110
100001
y
9
6
000110
101110
100101
110101
110011
111011
111011
110111
000111
x
6
6
000100
100101
110011
110011
101101
001100
v
6
6
000110
101110
110101
110101
111011
111011
u
6
6
001001
101101
101101
101101
101101
100010
q
9
6
110000
101110
011110
011110
001110
100000
111110
111110
111000
p
9
6
100001
101100
101110
101110
101100
100001
101111
101111
000111
o
6
6
100001
011100
011110
011110
001110
100001
S
9
6
110000
101110
101110
110111
111011
111100
011110
101110
100001
n
6
6
001000
100110
101110
101110
101110
000100
g
9
6
110000
101101
101101
110011
101111
100001
101110
011100
000011
e
6
6
110011
101101
000001
011111
101110
100001
e
6
6
110011
101101
000001
011111
101110
000001
c
6
6
100001
001101
011111
011111
001100
100011
h
9
6
001111
101111
101111
100000
101110
101110
101110
101110
000100
d
9
6
111100
111110
111110
110000
101110
011110
011110
001110
100000
b
9
6
001111
101111
101111
100001
101100
101110
101110
101110
100001
o
5
5
11000
10110
01110
01101
00011
*
5
5
11011
01010
10001
00000
11011
^
5
5
10011
10011
01101
01101
01110
9
9
5
10001
01100
01110
01110
01110
10000
11101
11101
00011
8
9
5
10001
01110
01110
10101
10001
01100
01110
01110
10001
6
9
5
11001
10111
10111
01001
00110
01110
01110
00110
10001
3
9
5
00011
01101
11101
11101
10001
11110
11110
11110
00001
a
6
5
10001
01101
11001
10101
01101
00000
a
6
4
1000
0110
1100
1010
0110
0000
J
9
5
10000
11101
11101
11101
11101
11101
11101
11101
00011
f
9
5
11000
10111
10111
00001
10111
10111
10111
10111
00001
/
9
4
1110
1101
1101
1101
1011
1011
1011
0111
0111
?
7
4
1001
0110
0110
1110
1101
1101
1101
\
9
4
0111
0111
1011
1011
1011
1101
1101
1101
1110
)
11
4
0011
1011
1101
1110
1110
1110
1110
1110
1110
1101
1011
1
9
4
0001
1101
1101
1101
1101
1101
1101
1101
1000
s
6
4
0001
0101
1011
1101
0110
0000
r
6
4
0000
1011
1011
1011
1011
0001
j
9
4
1100
1110
1110
1110
1110
1110
1110
1110
0001
I
9
4
0000
1101
1101
1101
1101
1101
1101
1101
0000
]
11
3
000
110
110
110
110
110
110
110
110
110
000
}
12
3
001
101
101
101
101
110
101
101
101
101
101
011
[
11
3
000
011
011
011
011
011
011
011
011
011
000
{
12
3
001
011
011
011
011
011
011
011
011
011
011
100
(
11
3
110
101
101
011
011
011
011
011
011
101
110
t
8
3
101
101
000
101
101
101
101
100
t
8
3
101
101
000
101
101
101
101
000
i
6
3
001
101
101
101
101
000
l
9
3
001
101
101
101
101
101
101
101
000
'
3
2
00
10
01
'
3
2
00
10
10
`
3
2
10
01
10
,
1
2
00
'
3
1
0
0
0
|
9
1
0
0
0
0
0
0
0
0
0
0
7
1
0
0
0
0
0
0
0
.
1
1
0

