97
W
13
18
000001000001110000
100011100011111011
110011110011111011
110011110011111011
111001110001110111
111001110001110111
111001101001110111
111100101100101111
111100101100101111
111100011110011111
111110011110011111
111110011110011111
111110111111011111
M
13
16
0000111111110000
1100011111110001
1100011111110001
1100001111101001
1101001111101001
1101001111011001
1101100111011001
1101100110011001
1101110010111001
1101110010111001
1101111001111001
1101111001111001
0000011011100000
m
8
15
100100001000011
100011000111001
100111001111001
100111001111001
100111001111001
100111001111001
100111001111001
000010000010000
&
13
13
1111000111111
1110011011111
1110011011111
1110011011111
1110010111111
1110001100001
1100001111011
1001101110111
0011100110111
0011110001111
0011110011111
0001110000110
1000001110001
@
13
13
1111000001111
1100011110011
1001111111101
1001111011100
0011100100110
0011100110110
0011001110110
0011001101110
0011001101101
1001100000011
1000111111111
1100011111111
1111000000011
w
8
13
0000100001100
1001110011110
1101110011101
1100110001101
1110110001011
1110001101011
1110001100111
1111011110111
Y
13
13
0000001110000
1100111111001
1110011111011
1110011110111
1111001110111
1111100101111
1111110011111
1111110011111
1111110011111
1111110011111
1111110011111
1111110011111
1111000000111
X
13
13
0000001110000
1100011111001
1110011110111
1111001110111
1111001101111
1111100011111
1111110011111
1111100001111
1111001000111
1110011100111
1100111100011
1001111110001
0000011000000
V
13
13
0000011110000
1000111111101
1100111111101
1110011111011
1110011111011
1110001110111
1111001110111
1111001110111
1111100101111
1111100101111
1111110011111
1111110011111
1111111011111
U
13
13
0000001110000
1100111111101
1100111111101
1100111111101
1100111111101
1100111111101
1100111111101
1100111111101
1100111111101
1100111111101
1100111111101
1110011111011
1111000000111
N
13
13
0000111110000
1100011111101
1100011111101
1101001111101
1101000111101
1101100011101
1101110001101
1101111001101
1101111100101
1101111110001
1101111111001
1101111111001
0000011111101
K
13
13
0000011000001
1001111100111
1001111001111
1001110011111
1001101111111
1001011111111
1000001111111
1001000111111
1001100011111
1001110001111
1001111000111
1001111100011
0000011000000
H
13
13
0000001100000
1100111111001
1100111111001
1100111111001
1100111111001
1100111111001
1100000000001
1100111111001
1100111111001
1100111111001
1100111111001
1100111111001
0000001100000
D
13
13
0000000001111
1100111100011
1100111110001
1100111111001
1100111111100
1100111111100
1100111111100
1100111111100
1100111111100
1100111111001
1100111111001
1100111100011
0000000001111
A
13
13
1111110111111
1111110011111
1111100011111
1111100001111
1111101001111
1111011001111
1111011100111
1110111100111
1110000000011
1100111110011
1101111110001
1001111111001
0000111110000
R
13
12
000000001111
110011100111
110011110011
110011110011
110011110011
110011100111
110000011111
110010001111
110011000111
110011100111
110011110011
110011110001
000000111000
Q
17
12
111100001111
110011110011
100111111001
100111111001
001111111100
001111111100
001111111100
001111111100
001111111100
001111111101
100111111001
100111111011
110001100111
111100011111
111110001111
111111000011
111111110000
O
13
12
111100001111
110011110011
100111111001
100111111001
001111111100
001111111100
001111111100
001111111100
001111111100
100111111001
100111111001
110011110011
111100001111
G
13
12
111100000101
110011110001
100111111001
100111111101
001111111101
001111111111
001111110000
001111111001
001111111001
100111111001
100111111001
110011111001
111100000111
%
13
11
11100011100
10001000001
10011101101
00011101011
00111101011
00111010111
00110001111
10001101111
11111011111
11111011111
11110111111
11110111111
11101111111
Z
13
11
10000000000
10111111001
10111110011
10111110011
11111100111
11111001111
11111001111
11110011111
11100111111
11001111111
11001111110
10011111110
00000000000
T
13
11
00000000000
00111001110
01111001110
01111001110
11111001111
11111001111
11111001111
11111001111
11111001111
11111001111
11111001111
11111001111
11100000011
L
13
11
00000011111
11001111111
11001111111
11001111111
11001111111
11001111111
11001111111
11001111111
11001111111
11001111111
11001111110
11001111100
00000000000
E
13
11
00000000001
11001111101
11001111101
11001111111
11001111111
11001111011
11000000011
11001111011
11001111011
11001111111
11001111110
11001111100
00000000000
C
13
11
11110000010
11001111000
10011111100
10011111110
00111111110
00111111111
00111111111
00111111111
00111111111
10011111111
10011111111
11001111101
11110000011
B
13
11
00000000011
11001111001
11001111100
11001111100
11001111100
11001111001
11000000011
11001111001
11001111100
11001111100
11001111100
11001111001
00000000011
P
13
10
0000000011
1100111001
1100111100
1100111100
1100111100
1100111100
1100111001
1100000011
1100111111
1100111111
1100111111
1100111111
0000001111
k
13
10
1101111111
1001111111
1001111111
1001111111
1001111111
1001100001
1001110111
1001001111
1000011111
1001001111
1001100111
1001110011
0000000000
F
13
10
0000000000
1100111110
1100111110
1100111111
1100111111
1100111101
1100000001
1100111101
1100111101
1100111111
1100111111
1100111111
0000001111
>
9
9
001111111
100011111
111100011
111111000
111111100
111110001
110001111
000111111
011111111
<
9
9
111111000
111100011
110001111
000111111
001111111
100011111
111000111
111110001
111111110
+
10
9
111101111
111101111
111101111
111101111
111101111
000000000
111101111
111101111
111101111
111101111
-
1
9
000000000
#
13
9
111011101
111011101
111011101
111011101
111011001
100000000
111011011
110111011
000000000
110111011
110111011
110110111
110110111
0
13
9
111000111
110111001
100111001
001111100
001111100
001111100
001111100
001111100
001111100
001111100
100111001
100111011
111000111
9
14
9
110000111
100111001
101111001
001111100
001111100
001111100
001111100
100111000
110000101
111111001
111110011
111100111
110011111
101111111
4
13
9
111111011
111110011
111100011
111100011
111010011
110110011
110110011
101110011
011110011
000000000
111110011
111110011
111110011
2
13
9
110000111
101110011
101111001
011111001
111111001
111111001
111110011
111110111
111100111
111001111
110011110
110111110
100000001
y
12
9
000011000
100111101
110011101
110011011
111001011
111001011
111100111
111100111
111101111
111101111
100011111
100111111
x
8
9
000010001
110011011
111000111
111001111
111000111
110110011
101111001
000110000
v
8
9
000011000
100111101
110011101
110011011
111001011
111000111
111100111
111101111
u
8
9
000110001
100111001
100111001
100111001
100111001
100111001
100110001
110001000
q
12
9
110000001
100111001
001111001
001111001
001111001
001111001
100110001
100001001
111111001
111111001
111111001
111110000
p
12
9
100000011
100111001
100111100
100111100
100111100
100111100
100111001
100000011
100111111
100111111
100111111
000001111
o
8
9
110000011
100111001
001111100
001111100
001111100
000111100
100111001
110000011
n
8
9
100100011
100011001
100111001
100111001
100111001
100111001
100111001
000010000
g
12
9
110000000
100110001
100111001
100011001
110000011
111011111
100111111
100000001
110111110
001111110
000111101
100000011
h
13
9
110111111
100111111
100111111
100111111
100111111
100100011
100011001
100111001
100111001
100111001
100111001
100111001
000010000
d
13
9
111111101
111111001
111111001
111111001
111111001
110000001
100110001
001111001
001111001
001111001
001111001
100111000
110000001
~
2
8
10001110
01100000
8
13
8
11000011
00111001
00111001
00111001
00011011
10000111
11000011
10010001
00111000
00111100
00111100
10011001
11000011
7
13
8
10000000
10111110
01111110
11111101
11111101
11111101
11111001
11111011
11111011
11110011
11110111
11110111
11100111
6
13
8
11111001
11100111
11001111
10011111
10011111
00100011
00011001
00111100
00111100
00111100
10111100
10011001
11000011
$
16
8
11101111
11000111
10101001
00101101
00101101
00101111
10001111
11000011
11100001
11101000
11101100
01101100
01101101
10000011
11101111
11101111
S
13
8
11000010
00011000
00111100
00111110
00011110
10001111
11100011
11110001
11111000
01111100
01111100
00111001
01000011
e
8
8
11000011
10111001
10000000
10111111
00111111
10111110
10011101
11000011
c
8
8
11100001
10011101
00111111
00111111
00111111
00111110
10011101
11000011
b
13
8
10111111
00111111
00111111
00111111
00111111
00000011
00111001
00111100
00111100
00111100
00111100
00111001
10000011
?
10
7
1000011
0011000
0111100
0011100
1111100
1111101
1111011
1111011
1110111
1110111
o
7
7
1110001
1000110
1001110
0011110
0011101
0011001
1000111
*
8
7
1110111
1110111
0010100
1100011
1100011
0010100
1110111
1110111
^
7
7
1110111
1100011
1101011
1001001
1011101
0011100
0111110
5
13
7
1100000
1101111
1011111
1000111
0000011
1110001
1111000
1111100
1111100
1111100
1111100
0111001
0000011
3
13
7
1100001
1011000
0111100
1111100
1111101
1111011
1100001
1111000
1111100
1111100
1111100
0111001
0000111
z
8
7
0000001
0111001
1110011
1110111
1101111
1001110
0011110
0000000
a
8
7
1000011
0011001
1111001
1100001
1011001
0011001
0010001
0001000
J
13
7
1100000
1110011
1110011
1110011
1110011
1110011
1110011
1110011
1110011
1110011
1110011
0010011
1000111
f
13
7
1111000
1110110
1100111
1100111
1100111
0000001
1100111
1100111
1100111
1100111
1100111
1100111
0000011
f
13
6
111100
111011
110011
110011
110011
000000
110011
110011
110011
110011
110011
110011
000001
s
8
6
100001
011101
011111
100111
111001
011100
011100
000001
r
8
6
100000
100110
100111
100111
100111
100111
100111
000001
I
13
6
000000
110011
110011
110011
110011
110011
110011
110011
110011
110011
110011
110011
000000
/
13
5
11110
11110
11100
11101
11101
11001
11011
11011
10011
10111
10111
00111
01111
}
17
5
10011
11001
11001
11001
11001
11001
11001
11001
11100
11001
11001
11001
11001
11001
11001
11001
00111
[
16
5
00000
00111
00111
00111
00111
00111
00111
00111
00111
00111
00111
00111
00111
00111
00111
00000
{
16
5
11001
10011
10011
10011
10011
10011
10011
10011
00111
10011
10011
10011
10011
10011
10011
10000
\
13
5
01111
00111
10111
10111
10011
11011
11011
11001
11101
11101
11100
11110
11110
)
16
5
01111
10111
11011
11011
11101
11100
11100
11100
11100
11100
11100
11101
11001
11011
10111
01111
(
16
5
11110
11101
11011
10011
10111
00111
00111
00111
00111
00111
00111
10111
10111
11011
11011
11101
1
13
5
11101
10001
11001
11001
11001
11001
11001
11001
11001
11001
11001
11001
00000
t
11
5
11011
11011
10011
00000
10011
10011
10011
10011
10011
10011
10000
j
13
5
11110
11000
11100
11100
11100
11100
11100
11100
11100
11100
11100
01101
00001
i
9
5
11101
00001
11001
11001
11001
11001
11001
11001
00000
i
13
5
01111
01111
11111
11111
11101
00001
11001
11001
11001
11001
11001
11001
00000
l
13
5
00001
11001
11001
11001
11001
11001
11001
11001
11001
11001
11001
11001
00000
l
13
5
00001
01001
11001
11001
11001
11001
11001
11001
11001
11001
11001
11001
00000
]
16
4
0000
1100
1100
1100
1100
1100
1100
1100
1100
1100
1100
1100
1100
1100
1100
0000
,
5
3
001
000
110
101
011
`
5
3
110
101
011
000
100
.
2
2
10
00
,
5
2
00
00
10
10
01
'
5
2
01
00
10
10
01
'
5
2
00
00
00
00
10
!
10
2
10
00
10
10
10
10
10
10
10
10
.
2
2
00
00
|
13
1
0
0
0
0
0
0
0
0
0
0
0
0
0
,
2
1
0
0

