93
_
1
11
00000000000
,
4
3
000
000
100
011
,
5
3
001
000
000
101
011
o
8
7
1110001
1100110
1001110
0011110
0011110
0011101
0011011
1000111
~
4
11
11000111110
10000001100
00110000001
01111100011
-
2
11
00000000000
00000000000
+
12
12
111110011111
111110011111
111110011111
111110011111
111110011111
000000000000
000000000000
111110011111
111110011111
111110011111
111110011111
111110011111
>
12
11
00111111111
00001111111
10000011111
11100000111
11111000001
11111110000
11111110000
11111000001
11100000111
10000011111
00001111111
00111111111
<
12
11
11111111100
11111110000
11111000001
11100000111
10000011111
00001111111
00001111111
10000011111
11100000111
11111000001
11111110000
11111111100
/
16
7
1111100
1111000
1111001
1111001
1110001
1110011
1110011
1100011
1100111
1100111
1000111
1001111
1001111
0001111
0011111
0011111
?
10
7
1100011
1011000
0011100
0011100
0011100
1111001
1111011
1110011
1110111
1110111
'
5
3
001
000
110
101
011
'
5
2
00
00
00
01
01
]
16
5
00000
11100
11100
11100
11100
11100
11100
11100
11100
11100
11100
11100
11100
11100
11100
00000
}
17
6
000111
110011
110011
110011
110011
110011
110011
110011
110000
110011
110011
110011
110011
110011
110011
110011
000111
[
16
5
00000
00111
00111
00111
00111
00111
00111
00111
00111
00111
00111
00111
00111
00111
00111
00000
{
17
6
111000
110011
110011
110011
110011
110011
110011
110011
000111
110011
110011
110011
110011
110011
110011
110011
111000
`
5
3
110
101
011
000
100
\
14
10
0011111111
0001111111
1001111111
1100111111
1100111111
1110011111
1110001111
1111001111
1111000111
1111100111
1111100011
1111110011
1111111001
1111111000
|
14
2
00
00
00
00
00
00
00
00
00
00
00
00
00
00
)
17
6
011111
100111
110011
111001
111001
111100
111100
111100
111100
111100
111100
111100
111001
111011
110011
100111
011111
(
17
6
111110
111001
110011
100111
100111
001111
001111
001111
001111
001111
001111
001111
100111
100111
110011
111001
111110
*
9
8
11100111
11101111
00101100
11000011
11100111
00001000
00101100
11100111
11101111
&
14
15
111110000111111
111101110011111
111001110011111
111001110011111
111001100111111
111100001100001
111000011110011
110010001110111
100111001101111
001111100001111
001111110011111
000111110001110
100000001000001
110000111100011
^
9
9
111000111
111000111
110000011
110010011
110010011
100111001
100111001
001111000
001111100
%
14
13
1110001111100
1000110000001
1001110111011
0011110111011
0011100110111
0011001101111
1000111101111
1111111011111
1111110011111
1111110111111
1111101111111
1111101111111
1111011111111
1110111111111
#
14
10
1111011101
1110011001
1110111011
1110111011
1000000000
1000000000
1110111011
0000000000
0000000000
1101110111
1101110111
1101110111
1101110111
1001100111
@
16
18
111111100000001111
111110001111110011
111000111111111001
110001111111111101
110011110000001110
100111100110001110
100111011110011110
001110011110011110
001110111100011110
001100111100111101
001100110000111101
001100000100111011
100110001100000111
110011111111110111
111000111111001111
111110000000111111
!
10
2
00
00
00
00
00
00
01
01
01
01
0
14
9
111000111
110111011
100111001
101111101
001111100
001111100
001111100
001111100
001111100
001111100
101111101
100111001
110111011
111000111
9
14
9
110000111
100111001
001111001
001111100
001111100
001111100
001111100
100111000
110000101
111111001
111111011
111110111
110001111
001111111
8
14
8
11000011
10011000
00111100
00111100
00011101
10001011
11000011
11010001
10111001
00111100
00111100
00111100
10011001
11000011
7
14
9
100000000
100000000
011111101
011111101
111111101
111111011
111111011
111110011
111110111
111100111
111100111
111101111
111001111
111001111
6
14
9
111111000
111100111
110011111
100111111
100111111
001000011
000111001
001111100
001111100
001111100
001111100
100111100
100111001
111000011
5
14
9
111000000
111000001
110011111
110111111
100000111
100000001
111110000
111111000
111111100
111111100
111111100
111111101
000111011
000000111
4
14
10
1111110011
1111110011
1111100011
1111010011
1110010011
1110110011
1101110011
1011110011
0011110011
0000000000
0000000000
1111110011
1111110011
1111110011
3
14
9
110000011
100000001
001110001
011111001
111111011
111110111
111000001
110000000
111110000
111111100
111111100
111111101
001111011
000000111
2
14
9
110000111
100000011
101110001
011111001
011111001
111111001
111111011
111110011
111100111
111101111
111011111
110111110
100000001
000000001
1
14
6
111011
000011
110011
110011
110011
110011
110011
110011
110011
110011
110011
110011
110011
000000
$
16
9
111101111
110000011
000101001
001101101
001101101
000101111
100001111
111000111
111100001
111101001
111101100
011101100
011101100
001101001
100000011
111101111
z
10
8
10000000
10111001
10111001
11110011
11100011
11100111
11001111
10001110
10011110
00000000
y
14
10
0000111000
1001111101
1000111011
1100111011
1100011011
1110010111
1110000111
1111001111
1111001111
1111101111
1111011111
1111011111
0000111111
1001111111
x
10
10
0000010001
1000111011
1100010111
1110001111
1111001111
1111001111
1110100111
1101100011
1001110001
0001100000
w
10
14
00001000011000
10011100111101
10011100111101
10001100011011
11001100011011
11001000001011
11100011000111
11100011000111
11110111101111
11110111101111
v
10
10
0000111000
1001111101
1000111011
1100111011
1100010111
1110010111
1110010111
1111001111
1111001111
1111011111
u
10
10
0001110001
1001111001
1001111001
1001111001
1001111001
1001111001
1001111001
1001110001
1000000000
1100011011
s
10
7
1000001
0011101
0011101
0001101
1000011
1100001
0111000
0111100
0011100
0000001
r
10
7
0001000
1000100
1001111
1001111
1001111
1001111
1001111
1001111
1001111
0000111
q
14
11
11100001011
10011110011
10111110011
00111110011
00111110011
00111110011
00111110011
00011100011
10000000011
11000110011
11111110011
11111110011
11111110011
11111000000
p
14
10
1101000011
0000000001
1000111000
1001111100
1001111100
1001111100
1001111100
1001111101
1000111001
1001000111
1001111111
1001111111
1001111111
0000111111
o
10
9
111000011
100111001
101111000
001111100
001111100
001111100
001111100
000111101
100111001
110000111
t
12
5
11011
11011
00000
10011
10011
10011
10011
10011
10011
10010
10000
10001
Z
14
12
100000000000
101111111001
101111110001
101111100011
111111100111
111111001111
111110001111
111100011111
111100111111
111000111111
110001111110
110011111110
100111111100
000000000000
Y
14
14
00000011110000
10001111111101
11000111111011
11100111111011
11110011110111
11110001101111
11111000001111
11111100011111
11111100111111
11111100111111
11111100111111
11111100111111
11111100111111
11110000001111
X
14
15
000000011000001
110001111110011
111001111101111
111100111001111
111110010011111
111110000111111
111111001111111
111111000111111
111110110011111
111101110001111
111001111001111
110011111100111
100111111100011
000001110000000
W
14
19
0000010000001110000
1000111100011111101
1100111100011111101
1100111110011111011
1110011110011111011
1110011110001110011
1111001100001110111
1111001101100110111
1111001101100101111
1111100011100001111
1111100011110001111
1111100011110011111
1111110111111011111
1111110111111011111
V
14
14
00000011110000
10001111111001
11001111111001
11100111111011
11100111110011
11100011110111
11110011100111
11110001100111
11111001101111
11111000001111
11111100011111
11111100011111
11111110111111
11111110111111
U
14
15
000000111100000
110011111111011
110011111111011
110011111111011
110011111111011
110011111111011
110011111111011
110011111111011
110011111111011
110011111111011
110011111111011
110011111110111
111001111100111
111100000011111
T
14
12
000000000000
001110011100
011110011110
011110011110
111110011111
111110011111
111110011111
111110011111
111110011111
111110011111
111110011111
111110011111
111110011111
111000000111
S
14
11
11100001011
11001110011
10011111011
10011111101
10001111101
11000011111
11100000111
11111000001
11111110000
01111111100
01111111100
10111111100
10001111001
10110000011
R
14
13
0000000001111
1100111100111
1100111110011
1100111110011
1100111110011
1100111110011
1100111100111
1100000011111
1100100011111
1100110001111
1100111000111
1100111100011
1100111110001
0000001110000
Q
17
14
11110000001111
11100111100011
11011111110001
10011111111001
00111111111100
00111111111100
00111111111100
00111111111100
00111111111100
00111111111101
10011111111001
11001111111011
11000111100111
11110000001111
11111000001111
11111110000111
11111111100000
P
14
11
00000000011
11001111001
11001111100
11001111100
11001111100
11001111100
11001111001
11000000111
11001111111
11001111111
11001111111
11001111111
11001111111
00000011111
O
14
13
1111000001111
1100111100011
1001111111001
1001111111001
0011111111100
0011111111100
0011111111100
0011111111100
0011111111100
0011111111100
1001111111001
1001111111001
1100011110011
1111000001111
n
10
10
1101100011
0000000001
1000111001
1001111001
1001111001
1001111001
1001111001
1001111001
1001111001
0000110000
m
10
16
1101100011100011
0000000000000001
1000111000111001
1001111001111001
1001111001111001
1001111001111001
1001111001111001
1001111001111001
1001111001111001
0000110000110000
j
14
5
11110
11000
11100
11100
11100
11100
11100
11100
11100
11100
11100
11100
01101
00011
i
10
4
1101
0001
1001
1001
1001
1001
1001
1001
1001
0000
g
14
10
1110000111
1101110000
1001111001
1001111001
1001111001
1000111011
1100000111
1011111111
1000000001
1100000000
1011111110
0011111100
0000000001
1100000111
e
10
8
11000011
10011001
10111100
00000000
00111111
00111111
00011110
00011100
10000001
11000011
c
10
8
11100001
10011100
10111100
00111111
00111111
00111111
00011110
00011100
10000001
11000011
a
10
9
110000111
001110011
001110011
001110011
110000011
100110011
001110011
001110011
000000000
100010001
N
14
15
000011111100000
110001111111011
110000111111011
110100111111011
110110011111011
110110001111011
110111000111011
110111100011011
110111110001011
110111111001011
110111111100011
110111111110011
110111111111011
000001111111011
M
14
18
000011111111110000
110001111111100011
110001111111100011
110000111111010011
110100111111010011
110100011110010011
110110011110110011
110110011110110011
110111001101110011
110111001101110011
110111100011110011
110111100011110011
110111110111110011
000001110111000000
l
14
6
000011
110011
110011
110011
110011
110011
110011
110011
110011
110011
110011
110011
110011
000000
L
14
12
000000111111
110011111111
110011111111
110011111111
110011111111
110011111111
110011111111
110011111111
110011111111
110011111111
110011111110
110011111110
110011111000
000000000001
k
14
10
0001111111
1001111111
1001111111
1001111111
1001100000
1001110011
1001101111
1000011111
1000011111
1000011111
1001001111
1001000111
1001100011
0000100000
K
14
14
00000011000001
11001111100011
11001111001111
11001110011111
11001100111111
11001001111111
11000011111111
11000001111111
11001000111111
11001100011111
11001110001111
11001111000111
11001111100011
00000011000000
J
14
8
11000000
11110011
11110011
11110011
11110011
11110011
11110011
11110011
11110011
11110011
11110011
11110011
00110111
00001111
.
2
2
00
00
I
14
6
000000
110011
110011
110011
110011
110011
110011
110011
110011
110011
110011
110011
110011
000000
h
14
10
0001111111
1001111111
1001111111
1001111111
1001000011
1000000001
1000111001
1001111001
1001111001
1001111001
1001111001
1001111001
1001111001
0000110000
H
14
14
00000011000000
11001111110011
11001111110011
11001111110011
11001111110011
11001111110011
11000000000011
11001111110011
11001111110011
11001111110011
11001111110011
11001111110011
11001111110011
00000011000000
G
14
14
11110000011011
11000111100011
11011111110011
10011111111011
00111111111011
00111111111111
00111111000000
00111111110011
00111111110011
00111111110011
10011111110011
10001111110011
11000111110011
11110000001111
f
14
8
11110000
11101100
11001111
11001111
00000001
11001111
11001111
11001111
11001111
11001111
11001111
11001111
11001111
00000011
F
14
11
00000000000
11001111110
11001111110
11001111111
11001111101
11001111101
11000000001
11001111101
11001111101
11001111111
11001111111
11001111111
11001111111
00000011111
E
14
12
000000000001
110011111101
110011111101
110011111111
110011111011
110011111011
110000000011
110011111011
110011111011
110011111111
110011111110
110011111110
110011111100
000000000001
d
14
9
111110001
111111001
111111001
111111001
110001001
100110001
101111001
001111001
001111001
001111001
001111001
000111001
100000001
110001000
D
14
14
00000000011111
11001111000111
11001111110001
11001111111001
11001111111100
11001111111100
11001111111100
11001111111100
11001111111100
11001111111100
11001111111001
11001111110011
11001111100111
00000000011111
C
14
12
111100000110
111001111000
110111111100
100111111110
001111111110
001111111111
001111111111
001111111111
001111111111
001111111111
100111111111
100111111110
110001111001
111100000111
b
14
9
000111111
100111111
100111111
100111111
100100011
100000001
100111000
100111100
100111100
100111100
100111100
100111101
100111001
110000111
B
14
12
000000000111
110011110011
110011111001
110011111001
110011111001
110011110011
110000000111
110011111011
110011111101
110011111100
110011111100
110011111100
110011111001
000000000011
A
14
15
111111101111111
111111001111111
111111000111111
111110000111111
111110100011111
111100110011111
111101110011111
111101111001111
111000000001111
111011111100111
110111111100111
110111111100011
100111111110011
000011111000000

